Gene	logFC	logCPM	LR	PValue	FDR	ENSEMBLID	ENTREZID
22	AASDH	2.20349145088457	1.83729061698519	9.66328789727357	0.00187986873667379	0.0259708813145485	ENSDARG00000022730	570338
30	abca1b	1.95405973415146	6.11823839685339	9.87197750367687	0.00167815045043932	0.0243728121201834	ENSDARG00000079009	100136868
32	ABCA3	1.63416067701182	6.49457309033539	10.71353123145	0.00106354851768667	0.0183802207489745	ENSDARG00000100524	564344
44	abcb9	1.61519960731347	3.60758985816308	13.9960296408534	0.000183197067951704	0.00581373613330721	ENSDARG00000056200	570148
70	abcg5	3.15347013753993	2.0627435582044	8.41713199511359	0.00371701665171413	0.0390648155470368	ENSDARG00000063078	557317
71	abcg8	2.9092284952474	2.01700981272364	11.6964713638048	0.000626187340505341	0.013279490152096	ENSDARG00000063059	100136850
88	ABHD6	2.42827248672759	4.08323444036168	11.1345860837637	0.000847328360030537	0.0160085818868057	ENSDARG00000060756	799085
100	ablim1a	2.87022100540658	3.20740594902989	13.9235692729157	0.000190395975495487	0.00598420926895287	ENSDARG00000060149	100003558
102	ABLIM2	1.50395322359543	4.63478945762479	8.71854396868748	0.00314989504996976	0.0354187218560431	ENSDARG00000055223	568454
106	abrab	2.8315491289238	1.51775565500962	11.434471788763	0.000720939667189963	0.0144309303752334	ENSDARG00000033854	445477
151	ACLY	1.84864085483722	2.70008767109989	10.8180824565799	0.00100513537623869	0.017766689232128	ENSDARG00000055652	794259
157	acot11a	1.91681560537882	3.46135941146987	13.2753769057174	0.000268914817673284	0.00745893588367501	ENSDARG00000058229	554842
158	acot11b	2.80234878525802	4.91044481719715	10.1218655926689	0.00146520616705706	0.0222968873630228	ENSDARG00000042122	641574
170	acot9.2	1.78940519883419	3.14193776256627	9.56086184615168	0.00198769765786461	0.0267956067483109	ENSDARG00000058390	798008
172	acox3	2.13714935996365	4.62509360471872	16.4709307432043	4.94017393019776e-05	0.00249597739504468	ENSDARG00000038865	406421
185	acsl1b	1.82575192209332	8.12450666083622	8.10077307637397	0.00442463828815901	0.0430264458462435	ENSDARG00000003854	445175
246	ADAM22	2.8299372853964	3.9866618418131	10.6661478984228	0.00109114115641875	0.0186833939763246	ENSDARG00000060532	100126805
283	ADCY6	1.82657057020524	4.95279510237117	10.5589827425271	0.0011562481027593	0.0192654871262842	ENSDARG00000027797	560807
312	adh8a	4.10055223066234	3.5061714419163	10.954129570752	0.000933952347059661	0.0169165906058388	ENSDARG00000091211	322482
335	adora1b	2.6773025542865	2.85890676727455	14.3968206070959	0.000148052069810736	0.00512046993544733	ENSDARG00000075694	100150997
344	adra1aa	2.10948728137745	1.73819462586863	9.59817412574756	0.00194770945017697	0.0264766753383432	ENSDARG00000028725	798498
349	adra2b	2.07981045185958	2.85712076736149	8.69037653306388	0.00319894532893182	0.0357252285169061	ENSDARG00000102096	266751
353	adrb1	2.2698769477707	4.19341106493087	14.5795696820992	0.000134363420542041	0.0048081998106295	ENSDARG00000007490	557194
355	adrb2b	3.23416096485098	4.49401951570877	8.1265691505811	0.00436212136768782	0.0426292792288834	ENSDARG00000054510	100037315
393	AGL	4.53644768860089	4.19202778148926	10.33315651994	0.00130661559890677	0.0208252807922273	ENSDARG00000100352	553352
396	agmo	2.59370444121307	4.47132356046638	9.60732682934187	0.00193802552688981	0.0264181178690601	ENSDARG00000025595	405819
412	agtpbp1	1.6809988362024	4.00436486294243	14.3599915013608	0.000150976368584443	0.00515835925996848	ENSDARG00000105214	554164
429	ahrra	3.51458203544209	5.65773755960608	8.54092313938399	0.00347249476119881	0.0376257254349822	ENSDARG00000099702	641291
433	ahsg1	7.16740093280717	4.19124813870733	15.8119770464396	6.99582629062765e-05	0.00310374532072995	ENSDARG00000026764	569558
434	ahsg2	6.44075110699318	4.40036719726655	14.9849553723859	0.000108371736049383	0.00417453544803615	ENSDARG00000069293	567406
444	aimp1b	2.38419297836904	3.3767195823082	12.1315191418394	0.000495767179037046	0.0112478004334135	ENSDARG00000036894	494049
467	AKAP6	1.84110938704543	4.4731633873359	9.66323590595751	0.00187992193872061	0.0259708813145485	ENSDARG00000077295	100002625
505	aldh9a1a.2	3.9010210879959	2.91315053614591	23.3456380417763	1.35350097482867e-06	0.000163106012743712	ENSDARG00000055331	100006238
509	aldob	3.35624218437192	10.2181888005942	9.01460167669595	0.00267831250821753	0.0319881686276518	ENSDARG00000053684	321664
525	alkal1	2.69629190633152	2.38680438602189	8.20823097301661	0.00417007869479425	0.041410553185777	ENSDARG00000074387	100535009
542	alox5b.3	3.29529119800204	2.44774936979311	13.1248414564511	0.000291406016535291	0.00781537790211565	ENSDARG00000069966	553602
543	alp3	4.56016588401403	3.10393973945121	19.4423235461167	1.03683724949153e-05	0.000797068635546611	ENSDARG00000098063	100330410
612	ank2b	2.07392022903964	7.63782525275322	12.6441409709027	0.000376744543545966	0.00936224091795472	ENSDARG00000043313	450043
613	ANK3	2.92640961329556	7.08291455843096	12.3928799381899	0.000430974034037738	0.0102897214150777	ENSDARG00000061736	103909035
631	ANKRD1	2.73221235473647	2.6371961828634	14.009146083737	0.000181923566143547	0.00581373613330721	ENSDARG00000075263	100151027
655	ANKRD44	1.96025128559817	3.03626901783538	17.3273084980016	3.1463272596714e-05	0.00181601121929577	ENSDARG00000026028	561373
682	ANO6	1.59959626883067	4.19134687801498	8.34897964738644	0.00385903981703716	0.0398298467227186	ENSDARG00000061544	100535437
698	antxr2b	2.2858750012399	4.7747807356817	9.02911655696357	0.0026571286584857	0.0318266552210158	ENSDARG00000063011	560841
754	apbb1ip	2.48146633955116	3.13183436337349	15.9957996420296	6.34831742938947e-05	0.00296393301971626	ENSDARG00000016505	393607
774	apnl	2.60512092499706	1.65385305808909	11.8346015209557	0.000581401391330023	0.012614712669551	ENSDARG00000090900	100002992
778	apoa4a	2.72849238150174	1.85851835232913	8.08079694167653	0.00447367675518634	0.0433159744455746	ENSDARG00000101160	550608
782	APOB	4.46233797756923	7.39084524932513	9.39563137534829	0.0021750308732318	0.0283980055813244	ENSDARG00000042780	566465
785	apobec2b	6.14044837587774	3.31260682899834	10.8874988821922	0.000968154736435398	0.0173363852653869	ENSDARG00000113992	567047
792	apoea	5.0720058494764	6.08159718138162	9.65179835012431	0.00189166301971565	0.0259921494272947	ENSDARG00000102004	553587
806	aqp10a	3.67261664609123	2.33155240037215	11.5861203685251	0.000664458899146318	0.0137478242068151	ENSDARG00000007086	436621
821	AR	2.70174664190627	4.28228675287152	9.71814940575815	0.00182457144500025	0.0256068771493145	ENSDARG00000067976	100005148
849	arglu1a	1.62828453532849	6.88570000471562	14.3890850383363	0.00014866151925218	0.00512046993544733	ENSDARG00000019223	406834
888	ARHGEF19	1.7873811249875	2.87637268909574	8.28044169803729	0.00400743793859404	0.0405211556672537	ENSDARG00000078853	569202
909	arid5a	2.95587295692206	1.7120168648252	10.5988737299124	0.00113156568546346	0.0190489378933022	ENSDARG00000077120	100462698
910	arid6	3.01925297368944	2.41906325338201	11.8650972597421	0.000571957831941246	0.0124857935687976	ENSDARG00000069988	572528
1005	asb10	4.85785545253763	3.7310842001371	9.32128653951288	0.00226506898207875	0.0290629534499097	ENSDARG00000099461	559467
1013	ASB15	1.87759648120562	2.28608016285138	8.46419736661102	0.00362205046419181	0.0385529568439105	ENSDARG00000045633	100151067
1014	asb15b	4.58233411808871	2.37873230255801	20.8004069504131	5.09721316764745e-06	0.000466198958179448	ENSDARG00000045863	568579
1015	asb16	3.13675799103195	3.1703648185054	8.45619619420111	0.00363801901276469	0.0386194336967682	ENSDARG00000056468	678621
1019	asb5a	2.33810514466202	2.88895768801873	9.65665616623434	0.00188666723520204	0.0259921494272947	ENSDARG00000097938	550441
1035	asic1b	1.64062814886333	1.77875558111093	9.78297682644056	0.00176134924671896	0.025060780092202	ENSDARG00000101866	407672
1075	ATF2	1.78142549066989	2.05943088713893	8.51961273733701	0.0035133924575556	0.0378346024849708	ENSDARG00000023903	100006516
1113	ATP10B	2.97410037653731	3.09703701142202	7.92801734831727	0.00486751040479238	0.0457003417709541	ENSDARG00000076230	563932
1124	atp1a1a.5	2.55664831132554	2.42315843060971	11.0743101918968	0.000875319767842	0.0162957495401483	ENSDARG00000040252	245703
1249	b2m	5.330987019165	7.45901927567502	11.0411327011228	0.000891123988306035	0.016520994107524	ENSDARG00000053136	30400
1264	b3gnt2a	2.16068514694765	1.63077886056005	10.143402697908	0.00144818594426362	0.0222020951928072	ENSDARG00000052376	405766
1276	B4GALNT1	1.81713054781819	2.08219844063607	8.46140005861015	0.00362762514494726	0.0385570288796987	ENSDARG00000077352	793635
1277	b4galnt1a	2.96794661177272	3.77340641995736	9.2950162221385	0.00229778106337307	0.029355963657062	ENSDARG00000061520	558684
1320	barhl1a	2.49337852932112	3.08423471855747	8.43176136307217	0.00368723005932497	0.0388433243402604	ENSDARG00000035508	550407
1380	bco1	2.00215018807883	4.15504291935768	7.77631518359983	0.00529356626977478	0.0476821992027441	ENSDARG00000104256	84039
1382	BCO2	2.91125111571877	4.6797028603544	8.48022799571785	0.00359027103558408	0.0383428047423006	ENSDARG00000055722	793849
1426	bik	1.96479954907474	3.02616856999252	9.88481303198664	0.00166648463083065	0.0242626558292773	ENSDARG00000045549	564030
1442	blnk	1.9718650140671	2.28569863035546	9.67733029943561	0.00186555505153023	0.0258834178438796	ENSDARG00000042722	405764
1450	BLTP3A	1.80741845013006	4.09317932477874	7.90867549230352	0.00491982779669729	0.0459912676057981	ENSDARG00000077011	567346
1519	BRD1	1.57408097171385	4.96601377275184	12.1707693477821	0.000485442793151998	0.011099836174187	ENSDARG00000013596	569574
1619	C18H15orf48	2.89871834705758	2.46749410242948	8.53804865214833	0.00347798294735246	0.0376455210944648	ENSDARG00000092903	751757
1631	c1qa	4.3105126104616	3.51874015306162	10.1484073523319	0.00144425964300078	0.0221863658336941	ENSDARG00000044613	553548
1652	C20H6orf58	3.92473355017604	4.80738470643743	10.8982454213768	0.000962553924540541	0.0172881664090438	ENSDARG00000090722	796447
1672	c3a.6	3.57203054222891	4.90551203110938	9.22108457493465	0.0023924377964221	0.0300151506212873	ENSDARG00000043719	494039
1673	c3b.1	3.8893937455787	5.64257702206735	10.2996691237469	0.001330540640901	0.0210747711638271	ENSDARG00000093068	563665
1674	c3b.2	3.91096461670322	5.29667572188304	10.5899108632697	0.0011370645922807	0.0190637370549502	ENSDARG00000001818	566347
1693	C7H4orf54	1.96186878840012	2.07827405478654	8.46361536199253	0.00362320960757121	0.0385529568439105	ENSDARG00000098379	101884490
1710	ca15c	3.76895722417793	1.88470473158716	11.31023780455	0.000770808996798739	0.0150738798880543	ENSDARG00000002259	768190
1716	CA6	2.45443644949622	6.64164759774104	7.97641947375659	0.00473905812158616	0.0450059113942967	ENSDARG00000056499	100006448
1747	cacna1sb	3.01274222807595	3.37823666682136	11.1294215901245	0.000849690835810452	0.0160192770155174	ENSDARG00000042552	405791
1759	cacnb4a	3.08554237204384	4.53459481645515	14.2593995811437	0.000159263417559152	0.00531921919881551	ENSDARG00000009738	562422
1769	cacng6a	3.13018729848504	2.78648983508452	8.09746383643035	0.00443272400047192	0.0430264458462435	ENSDARG00000036457	100034580
1791	calcoco1b	3.29313357201631	1.98907351459887	16.6712864241143	4.4448709738468e-05	0.00233847415393976	ENSDARG00000016391	386968
1792	calcoco2	2.51485164468902	3.71128070682045	9.36149137336264	0.00221591769432675	0.0286590950531672	ENSDARG00000052515	553776
1866	CAPN5	2.36169590222671	1.38200443818933	8.24213816976618	0.00409288893553357	0.0409796240832241	ENSDARG00000069748	100006332
1882	CARD11	2.33185888206366	3.07695454697863	18.159283438313	2.03176552073987e-05	0.00132734571657127	ENSDARG00000052741	557072
1884	CARD9	2.27846237459914	2.5273484770648	8.55115952033488	0.00345302209944993	0.0374602488708573	ENSDARG00000067672	796425
1909	casp6b.1	2.47067460705753	1.63010460082483	9.46941485224665	0.00208926005480041	0.0276423984253451	ENSDARG00000025608	791531
1931	cav4a	3.5112813359125	4.60106238233486	12.6585759744669	0.000373846853671555	0.00933831741629158	ENSDARG00000003632	100136849
1953	cbln17	3.8117498524861	1.74863874907506	14.9600562325313	0.000109811237334947	0.00419375464211732	ENSDARG00000088911	100535383
1960	cbln9	5.05547344179793	2.27518060749283	14.0508023294351	0.000177937902410215	0.00576433053608542	ENSDARG00000030254	560421
1998	ccdc127a	1.94962423665447	2.27064916521967	8.63982922895539	0.00328892257717893	0.0363432058017263	ENSDARG00000104344	751722
2019	ccdc28b	1.79493707218651	3.34600509058343	8.83890319450904	0.00294876304955938	0.034201149081014	ENSDARG00000011222	559814
2064	ccl19b	2.64103152329097	2.21478714106968	8.62328557705023	0.00331892660555504	0.0365389234630088	ENSDARG00000039351	795469
2075	ccl34b.4	5.95341185361838	3.18771020071964	11.2080926273073	0.000814413854641187	0.0156183560188447	ENSDARG00000094002	556621
2095	ccn4b	1.98744238829071	1.93606873639549	9.62510046116232	0.00191935950783579	0.0261911069795343	ENSDARG00000076685	792714
2110	ccndx	2.82792913744813	1.25341461162863	8.52035908714394	0.00351195186348894	0.0378346024849708	ENSDARG00000019741	567411
2133	ccr12a	2.2774898104225	2.24596495249028	8.76013821017051	0.00307885716056454	0.0349977166721915	ENSDARG00000038541	563803
2137	CCR8	3.30710211199273	1.92981573682336	8.70032054039366	0.00318154098614238	0.0355754128450466	ENSDARG00000086616	100329767
2172	cd40	3.03821513011628	3.2079347602101	12.2763873404704	0.000458725514716973	0.0107085988939492	ENSDARG00000054968	100270764
2176	cd74a	9.06206353529875	6.84636661792436	15.5627970626218	7.98095999814853e-05	0.00339714609945057	ENSDARG00000009087	58113
2177	cd74b	7.04177430887753	6.13258768086677	13.1311200788719	0.000290431092287355	0.00781537790211565	ENSDARG00000036628	30645
2234	cdcp1a	1.55346456819633	2.42594945127828	9.522647016733	0.00202951634880938	0.0271541065874083	ENSDARG00000058943	541520
2240	CDH13	2.54908651888888	5.78150032693902	11.2509925530026	0.000795804496736078	0.0154273621731391	ENSDARG00000014215	558732
2265	CDK18	2.09258885469667	2.90716976131563	12.0328343344255	0.000522715312044237	0.0117059546312995	ENSDARG00000012204	100150007
2296	cdnf	2.74124263917012	3.01318441562547	10.2622471788595	0.00135780188525671	0.0214494212786124	ENSDARG00000075501	100037317
2321	cela1.3	4.43061520033646	3.09627515753377	12.4921506282998	0.000408665462551375	0.00992268655827688	ENSDARG00000043173	445032
2371	cep68	2.19460564320004	4.021188002659	18.1176226659895	2.0767053081549e-05	0.00135175325441397	ENSDARG00000039411	541505
2389	CERS3	2.52048475518555	3.38359660628763	11.4299593168873	0.000722692681320553	0.014443957449055	ENSDARG00000078541	100332380
2396	ces2a	3.31390937368462	8.02763636646438	8.71753390108471	0.00315164068323748	0.0354187218560431	ENSDARG00000041569	566132
2397	ces3	4.48709102658187	5.37998847101007	13.4235750763833	0.000248481690914053	0.00707006444410279	ENSDARG00000041595	560651
2400	cetp	3.46737499428246	4.22877430130693	12.3729297670206	0.000435603532316504	0.0103586519984865	ENSDARG00000030872	492488
2427	cfbl	3.38930100094113	3.61217175178561	16.2223452076056	5.63258055484161e-05	0.00268601802662032	ENSDARG00000090730	792472
2431	cfhl1	2.68379244180923	2.15156450024775	7.98085036960396	0.0047274730461471	0.0449677236149512	ENSDARG00000105212	570905
2486	chia.1	4.64153024364866	5.77691545658397	10.0904781892845	0.00149037425607612	0.0225261227602691	ENSDARG00000100635	406323
2488	chia.3	7.25095021306296	4.03475289340513	21.3355750433961	3.85510587240599e-06	0.000379866371460557	ENSDARG00000009612	406819
2491	chia.6	4.09771670963185	3.04675960093102	22.9440738490694	1.66783582091363e-06	0.000195696393855228	ENSDARG00000093193	322420
2544	chrnb1	2.00549306016087	4.51509917547771	9.06096481158627	0.00261124156154101	0.0316541374793504	ENSDARG00000069660	100006941
2551	chrne	1.67992396475535	3.13087796313823	8.09689134699373	0.00443412433223412	0.0430264458462435	ENSDARG00000034307	445315
2585	cidec	3.02313397872292	1.9988274994401	11.1643751592151	0.000833830477376993	0.0158374510798921	ENSDARG00000059651	564304
2620	clca1	4.1236959420864	2.10590897237945	12.2782571723999	0.000458266132505492	0.0107085988939492	ENSDARG00000016290	334289
2623	clcn1a	2.48329580135157	1.68583960010586	9.48012639277934	0.00207709657059381	0.0275018688467265	ENSDARG00000062084	795133
2680	clic5a	2.75988442659801	2.75826576685353	7.82293986971447	0.0051587214403133	0.0470955098414745	ENSDARG00000075993	492513
2734	CMKLR2	2.37395551747946	2.46684593240874	7.85537525060704	0.00506698346692724	0.0466778033407899	ENSDARG00000101366	100004124
2747	cmya5	2.82638309161915	4.30090020920478	16.7968294796212	4.16027536428912e-05	0.00225527389428865	ENSDARG00000061379	560687
2786	cnot6l	1.74902945167485	6.58475538946146	7.80240470179334	0.00521767510121769	0.0473477986099239	ENSDARG00000054597	553665
2803	cntn2	1.77983014002668	2.58283335579638	8.28114473759553	0.0040058866147741	0.0405211556672537	ENSDARG00000000472	30726
2807	cntnap2b	2.33936007420705	3.23897780066047	12.0731271843891	0.000511538240813407	0.0115192986425595	ENSDARG00000074558	563345
2829	COL10A1	2.66277678182994	2.39741009314987	10.7732445538323	0.00102977835237198	0.0180768670418841	ENSDARG00000101535	555804
2872	COLQ	1.96042670748401	3.50710222910088	8.98363934489181	0.00272407555847272	0.0323892583902407	ENSDARG00000019692	101886065
2885	comtd1	4.5972331297475	3.12252580622567	15.467748909092	8.39250939011613e-05	0.00353019823048871	ENSDARG00000078918	568094
2920	coro6	2.11184072122594	4.35596823963889	7.86073680806128	0.00505198010959304	0.0466425073182049	ENSDARG00000102272	393367
2939	cox5b2	3.70502862086121	6.87280642133768	8.5021013270741	0.00354736571492525	0.0380536590825803	ENSDARG00000068738	751638
2942	cox6a2	4.49560085104625	8.10194102626265	8.08088139789772	0.0044734682669527	0.0433159744455746	ENSDARG00000054588	447942
2968	cpeb1b	2.68080540416163	3.52472031667044	12.4815353856351	0.000410994254874242	0.00994583790458901	ENSDARG00000008454	30702
2971	cpeb4a	1.60413257484456	4.71233945330356	22.8240456615503	1.77530590326611e-06	0.000201672489074848	ENSDARG00000056691	393956
2990	CPNE4	1.6794055727526	3.0824625655923	10.1551549603227	0.00143898299930071	0.0221625749503697	ENSDARG00000101095	558729
3091	cry3b	1.95433249082698	5.75565074110969	12.2063902283012	0.000476260979169365	0.0110027390718726	ENSDARG00000091131	83780
3161	csf1ra	2.41162969180148	4.01863992019407	8.98445923675708	0.0027228535644881	0.0323892583902407	ENSDARG00000102986	64274
3162	csf2rb	2.86591753990134	2.74697273808055	9.84336551342381	0.0017044536973787	0.0246168581251299	ENSDARG00000076586	100135062
3165	csf3r	3.07679286549169	2.70839215591471	15.5292905466583	8.12367008472413e-05	0.00343330938296339	ENSDARG00000045959	100134935
3251	ctss2.2	3.06549780419461	3.61971884719189	9.3940146555521	0.00217694972151605	0.0284022664837152	ENSDARG00000013771	337572
3278	CUX2	2.03117737572224	2.1248033741639	9.01604833344631	0.00267619350346581	0.0319881686276518	ENSDARG00000086345	565530
3314	cyb561d1	1.84528501122898	2.05055962641501	8.16938062694314	0.00426034525369959	0.0419797003313438	ENSDARG00000055295	447851
3325	cybb	1.9884205805465	3.74139274052874	10.1387603904766	0.00145183763565822	0.0222020951928072	ENSDARG00000056615	393386
3349	cyp24a1	4.35283521295293	6.25415143092492	16.4727321552793	4.93548213059112e-05	0.00249597739504468	ENSDARG00000103277	100004700
3359	cyp2aa12	2.98996547641513	3.49836906649226	11.7906845627943	0.00059527841479013	0.0128100073981161	ENSDARG00000102805	555510
3360	cyp2aa2	3.48147847456421	2.48406189821097	18.5442189421966	1.66007948220975e-05	0.00115462551933642	ENSDARG00000104811	768294
3362	cyp2aa4	2.84383996668478	2.14555289605906	8.84814317463807	0.00293387210412263	0.0341550972434903	ENSDARG00000098803	415182
3371	cyp2k18	4.63136617114742	2.87661313282631	18.5336314121731	1.66932617776179e-05	0.00115462551933642	ENSDARG00000104593	393484
3375	cyp2k8	2.01378584602245	2.50542197172315	9.50087932763222	0.00205373452383167	0.0273010887953098	ENSDARG00000101190	561462
3379	cyp2p7	3.14218963546289	3.71286794328951	9.43397017509346	0.00213002664838889	0.0279343962953601	ENSDARG00000042980	100034406
3383	cyp2u1	3.10829502464855	2.61497081281654	18.6811842123932	1.54499580260462e-05	0.00109345238648624	ENSDARG00000026548	556280
3385	cyp2x10.2	2.81430823348536	1.25577648446477	7.75473573944119	0.00535718796271968	0.048062292150679	ENSDARG00000006501	322545
3388	cyp2x8	4.12338974341398	2.00564958133593	11.0043670166038	0.000908974694503347	0.0166614220724226	ENSDARG00000043997	431734
3398	cyp46a1.3	2.32121656180426	2.53105077272248	8.88243199927044	0.00287927743578096	0.0336513191789996	ENSDARG00000089177	692332
3404	cyp4v2b	3.67722391114026	3.70054469329661	18.1737591411788	2.0163802577271e-05	0.00132213756972658	ENSDARG00000061585	562008
3441	DAGLA	1.76814306393295	3.99376933558705	16.7541022218414	4.25501702615648e-05	0.00228400278417579	ENSDARG00000062956	569398
3453	dapk2a	3.58322208210204	4.15493123217465	25.3604571252422	4.7556732408153e-07	6.67853797243628e-05	ENSDARG00000061096	571352
3491	dclk2a	1.93090823699344	5.45599333657016	11.9834637672824	0.00053674722249397	0.0119661083914749	ENSDARG00000034093	572548
3530	ddo	1.61112513446849	2.37610184110579	8.74730068501344	0.00310060669578468	0.0350884012812942	ENSDARG00000079664	565385
3618	dgat1a	1.80421591467054	2.99037337113156	8.58066067361521	0.00339752074553087	0.0369255225451207	ENSDARG00000103503	325875
3620	dgat2	4.11313724884442	4.97351140149956	15.0964646246276	0.000102154424962827	0.00406755243379301	ENSDARG00000018846	565316
3627	DGKD	1.53671116993269	3.68945032545321	8.93003850062178	0.00280518433305149	0.0330452196697314	ENSDARG00000113111	NA
3684	diabloa	2.37455506709549	5.28789998323923	11.2037868800085	0.000816305743688972	0.0156210439256361	ENSDARG00000104172	393317
3700	dio3b	2.62600173382494	2.91975151946744	12.5706200586194	0.000391858543684032	0.00959999605302844	ENSDARG00000095767	798872
3706	dipk1b	2.05318568662865	1.77862065759508	8.62100438801754	0.00332308560359828	0.0365570002655681	ENSDARG00000117093	567731
3731	dlc	1.84987977868964	4.97548480621074	24.5791960728469	7.13175394587347e-07	9.35256114887156e-05	ENSDARG00000002336	30120
3768	dmrt1	2.52419900141071	2.29085391637501	10.784645159437	0.0010234552175947	0.0179835702520212	ENSDARG00000007349	402923
3786	DNAH1	1.87633419398672	3.38555320111907	7.69075277249668	0.00555044719677365	0.0493234806947973	ENSDARG00000100115	100317899
3860	dnase2	2.36670667867021	3.56506463395141	12.5980159638774	0.000386156442192255	0.00953983868287751	ENSDARG00000073893	100000399
3901	DOK7	2.28251805018587	3.4356269941413	11.2279693294497	0.000805737570810975	0.0155631308689959	ENSDARG00000060236	557881
3938	dpysl3	2.55571881064221	6.77369095443521	15.6222265518383	7.73401437768932e-05	0.00336429625429485	ENSDARG00000002587	553166
4250	dtna	2.10757676892857	2.84203204346171	15.9425014272594	6.52959307210902e-05	0.00297839622611418	ENSDARG00000031015	794932
4269	DUSP10	1.92710537325368	2.30431066787055	9.14382140072264	0.00249559338759096	0.0307169827934333	ENSDARG00000052465	100034609
4345	ebf2	3.72373513586718	4.06784520623307	17.340780810202	3.12410116286634e-05	0.00181492977979548	ENSDARG00000042525	30692
4354	ECEL1	2.44433664615117	2.48923437474553	16.2950431235722	5.42055620639614e-05	0.00262447501610623	ENSDARG00000060549	100332538
4406	EEIG1	2.19972267414593	4.50667578025844	11.2090853565048	0.000813978291401172	0.0156183560188447	ENSDARG00000102566	796432
4415	EFEMP1	3.64966965251176	1.81039369297706	13.109372242563	0.000293822128115636	0.0078565482083094	ENSDARG00000059121	NA
4436	EFR3B	1.99833626638501	4.91995299579273	8.80218150373021	0.00300870575968707	0.0344707867146637	ENSDARG00000033516	560858
4473	eif2ak2	1.56918115098555	2.82882750497993	8.7161906330099	0.0031539636879257	0.0354225077922889	ENSDARG00000068729	100001092
4644	enpp4	1.99393710394214	2.17940547713033	9.50237876072038	0.0020520569347083	0.0273010887953098	ENSDARG00000006877	550586
4645	enpp5	1.85266819130371	3.91835904070999	10.7461853947653	0.00104494485943891	0.0182325236211879	ENSDARG00000070625	563498
4650	ensab	1.82694725481824	2.74546584946113	8.40401610564247	0.00374392970932029	0.0392320718952569	ENSDARG00000061644	100317933
4653	entpd2a.1	2.06407738500008	2.43644076345653	11.8940836963131	0.000563125235547276	0.0123534299827622	ENSDARG00000035506	447905
4683	epdl1	2.5404698349496	6.20816287627022	10.802568611567	0.00101359359829923	0.0178984572531354	ENSDARG00000076386	100302470
4708	epoa	3.68473944017338	5.68486189288438	11.2246458294541	0.000807181765099189	0.0155633370600476	ENSDARG00000055163	100004455
4711	eppk1	1.71097992444231	6.27986579339131	16.3408661411817	5.2910552920864e-05	0.00261599296253069	ENSDARG00000096359	101885652
4716	eps8l1a	2.44799395897937	3.82515591518544	9.26717398112777	0.00233297394537179	0.0295935919741862	ENSDARG00000057984	503735
4719	EPSTI1	3.39167947371323	2.07482420094457	8.68423621326889	0.00320974061346317	0.0358009529963199	ENSDARG00000094578	101884931
4723	erap1b	2.67679865624856	3.46261693104562	10.1283371822644	0.00146007065509238	0.0222567180628825	ENSDARG00000021859	393175
4724	erap2	2.76490790173192	3.73541476448913	8.88737250169254	0.00287149665848552	0.0336044244777488	ENSDARG00000098618	100144556
4768	ESPNL	2.23270577241113	1.53919383429737	7.79964137550403	0.0052256604864079	0.0473478958265601	ENSDARG00000078211	100536888
4771	esr2b	1.97351201461109	2.94551170513577	9.42085946145835	0.00214530948396444	0.0280922133968472	ENSDARG00000034181	317733
4803	EVA1C	3.47194454152721	2.64809215158662	8.83827823711597	0.00294977298445503	0.034201149081014	ENSDARG00000056024	564385
4824	exoc3l4	3.26452098848157	3.37821711110335	20.2664977708016	6.73700000728421e-06	0.000586119000633727	ENSDARG00000058180	563246
4851	ezh1	2.28231171267944	5.28416008553325	10.0600561256555	0.00151518610495786	0.0227485493870395	ENSDARG00000037894	664754
4859	f13a1a.1	6.41935925126212	4.96475435615851	11.6157300536776	0.000653963634886507	0.013577929485682	ENSDARG00000045453	767742
4871	f5	2.23975927517003	5.14825768168542	8.87304227252932	0.00289412435199145	0.0337364103384101	ENSDARG00000055705	327320
4874	f7l	2.38354164230806	3.71750574566048	8.76107929158664	0.00307726887676421	0.0349977166721915	ENSDARG00000100782	100038778
4909	FAM110C	2.41776309247513	3.32918782538726	13.9993144616657	0.000182877297718816	0.00581373613330721	ENSDARG00000096989	101886617
4927	fam131c	4.09776449720116	4.31698819576752	13.6590855064834	0.000219178218840667	0.00654781161310436	ENSDARG00000037320	619198
4939	FAM161B	1.77632331985862	2.14650103076611	9.4528729625997	0.00210818626269355	0.0278308675019537	ENSDARG00000089467	569419
4947	FAM167B	3.35482999711095	4.9727380280679	14.8215394588868	0.000118177999220834	0.00438192227880159	ENSDARG00000100426	556719
4966	fam20a	3.64596082679956	3.06863737056221	19.6667820612562	9.21900738289624e-06	0.000727526533955551	ENSDARG00000079486	564308
4998	fam78ab	2.47102423362763	3.81400120800409	7.76084292475467	0.0053391037401097	0.0479470872129187	ENSDARG00000088222	100002878
5038	FAT3	2.24438800179869	2.17250637166192	8.69202562679845	0.00319605235054492	0.0357152842556194	ENSDARG00000087709	568600
5044	faxdc2	1.88623946354877	6.19826416250977	10.5908978656621	0.00113645772333188	0.0190637370549502	ENSDARG00000023820	406828
5090	fbxo40.1	2.23172539275458	3.63722540460158	9.8791779094452	0.00167159607040175	0.0243172234221984	ENSDARG00000069775	100005140
5115	fcer1g	3.42930673224384	2.50631524135276	11.5767794961514	0.000667804981377916	0.0137850715774018	ENSDARG00000103276	100101464
5125	FDXR	1.57937580284275	3.76002331226836	10.5777805555289	0.00114454987226247	0.0191491997859298	ENSDARG00000089369	100536115
5131	FER1L6	1.93142109493095	2.89081560067533	8.36264653058721	0.00383012339759309	0.0396649846013723	ENSDARG00000019316	100535460
5137	fes	1.75588989651486	2.46192189942862	9.03436134297806	0.00264951602161566	0.0318209550474851	ENSDARG00000011449	566739
5161	fgf19	3.49746315720377	1.63143974928498	9.57953852307964	0.00196757855759372	0.0266452267081883	ENSDARG00000098663	368245
5174	fgf6a	2.0955741989166	1.42778404007212	8.41309433020571	0.0037252806810029	0.0391055803094095	ENSDARG00000009351	30560
5216	fibpb	3.91761593858272	3.28632004512921	15.5455439541102	8.05412616736696e-05	0.00342012714749976	ENSDARG00000087666	405787
5222	FILIP1	2.70491709298562	5.4541729813367	8.38050997199107	0.00379265990561281	0.0395105662480166	ENSDARG00000078419	101884302
5267	FMNL1	1.73475948749284	3.40173782439445	10.0599243813185	0.00151529445874981	0.0227485493870395	ENSDARG00000055713	557062
5281	FNDC1	2.57788097448794	3.36911722637167	13.9110934654116	0.000191663894335501	0.00599706237802395	ENSDARG00000002847	557836
5289	FNDC7	2.4755538427328	1.92345995121044	9.57811203413473	0.00196910790757079	0.0266457052591237	ENSDARG00000077096	100538169
5338	FOXN2	1.91210185349881	2.28843925159079	8.61862321793266	0.0033274325350235	0.0365570002655681	ENSDARG00000055574	100330010
5341	foxn4	2.63475444957481	3.89129587679762	9.32583633281602	0.00225945171220069	0.0290117503866806	ENSDARG00000010591	30315
5427	ftr72	3.89290038946659	2.42609107850341	9.04465546467749	0.00263463875139629	0.0317063307227752	ENSDARG00000026704	492515
5493	G6PC1	5.50010116394095	5.96971699183611	11.0226626144741	0.000900046961921618	0.0165658798409412	ENSDARG00000014967	100000750
5494	g6pc1a.1	3.1938357695069	3.8981540151109	7.97335326442768	0.00474709199709793	0.0450582148846417	ENSDARG00000031616	445118
5527	GAD1	2.3729976250562	1.57822796253725	8.72349066673714	0.00314136017458494	0.0353923933756932	ENSDARG00000093411	100329827
5577	gamt	2.17047541338064	8.11281624381929	8.41878976501519	0.00371362903785501	0.0390522251710755	ENSDARG00000070844	796865
5581	GANC	2.23974788795749	2.67487871571925	10.6106258938187	0.0011243962280586	0.019008158035474	ENSDARG00000074556	100536353
5628	gbgt1l5	3.00303426410903	1.77804258228425	9.97594243684847	0.00158598796977286	0.0235342844333828	ENSDARG00000019207	563897
5631	gbp1	2.68852135312052	3.97729479170916	9.81497089100127	0.00173097015632723	0.0248765936648639	ENSDARG00000038668	436615
5641	gcdhb	2.28781992678312	4.45014136854047	15.6127549656186	7.77285020738725e-05	0.00337296310094286	ENSDARG00000098831	450003
5660	gda	2.64960983699243	4.19275575053906	7.68738696059017	0.00556080822280497	0.0493909435526527	ENSDARG00000002986	553701
5667	gdf11	2.99417753238686	2.60645674581528	9.79609591546618	0.00174882756006224	0.0249815019275311	ENSDARG00000044924	406247
5709	gfra3	2.08642523652614	5.98116771788778	12.4909652770096	0.000408924845547155	0.00992268655827688	ENSDARG00000087704	556647
5717	ggact.1	4.51351740580191	2.65151255212382	28.5825264848181	8.97887889848654e-08	1.87944795906237e-05	ENSDARG00000070581	777609
5718	ggact.2	3.65024133899937	4.04911483411774	13.2905286142004	0.000266750260672766	0.00741042196121305	ENSDARG00000038248	447805
5719	ggact.3	2.48555501754436	2.20622486503802	8.39672468458195	0.00375897692271462	0.0393204418865779	ENSDARG00000070579	100038780
5766	git2a	1.6617989709329	4.11939458353195	11.3938389401142	0.000736880905384833	0.0145379103401974	ENSDARG00000061915	793882
5779	gja5a	3.00063761340051	4.73976195301641	7.92055871758754	0.00488761762757634	0.0457829098675546	ENSDARG00000040065	404729
5843	gls2b	2.92043982446217	5.0606668023579	9.83527491959484	0.00171196693362445	0.0247030180106732	ENSDARG00000002917	556445
5849	gltpd2b	2.88367931735331	1.82551282233292	10.9903074028696	0.000915896180272094	0.0167619673677371	ENSDARG00000067889	565337
6018	gpr132b	2.01383941380232	1.62487259805259	8.15992430704758	0.00428261586483448	0.0421060936876091	ENSDARG00000103540	566903
6024	GPR141	2.77777709153325	1.21893420045348	9.70656829228567	0.00183610562823415	0.0256838775525929	ENSDARG00000077026	NA
6037	GPR17	2.56027499394276	2.34374733713569	8.28277808485691	0.00400228483679438	0.0405211556672537	ENSDARG00000062030	100331841
6050	gpr22a	2.65550963967565	6.40969825205053	7.83815517422197	0.00511547859860107	0.0469555125095471	ENSDARG00000004592	504167
6099	GRAMD1C	2.00890922890934	3.62919961089588	9.12420427864554	0.00252249578905831	0.0309626375759497	ENSDARG00000076238	563054
6107	GRB14	1.58401819929728	3.54253804747307	9.54106011509704	0.00200925658111081	0.0269639511844328	ENSDARG00000068280	100334415
6111	greb1l	1.88485828835899	4.03454568250928	10.200851005381	0.0014037585912861	0.0217664360504641	ENSDARG00000039196	100005373
6116	grhl1	2.23062215940741	4.54872547963493	8.10534739395695	0.004413486235937	0.0429430043742152	ENSDARG00000061391	324942
6150	grip2a	2.07999826099919	3.57380040084923	11.9131820999327	0.000557381052223808	0.012257981947876	ENSDARG00000087187	568084
6156	grk5	2.11046058461796	2.49389906235384	8.14471796609718	0.00431867717139551	0.0423672207655879	ENSDARG00000032801	560806
6172	grna	3.67804055103834	4.99270404793902	11.0955450540407	0.000865353464785425	0.0161439111343599	ENSDARG00000004954	791524
6174	grna.2	3.93907326042758	1.82942322491934	7.81314817141197	0.00518674691072934	0.0472377245745594	ENSDARG00000088641	336575
6299	habp2	3.46746153251621	4.0918721009485	9.91177597947235	0.0016422456721649	0.0240077471828368	ENSDARG00000057498	553472
6338	hbaa1	13.6098459140986	9.93959152826925	12.9128587589672	0.000326332501385222	0.00844722810189468	ENSDARG00000097011	30507
6343	hbba1	13.4247872752162	9.90893018028538	12.473316256005	0.00041280657605828	0.00997615892140843	ENSDARG00000089087	30216
6344	hbba2	11.3893542930359	8.00391701966294	11.0275196974832	0.0008976917689313	0.0165658798409412	ENSDARG00000069734	445037
6352	hbl4	3.05938131715508	1.8866959073534	10.2329571817255	0.00137953312364011	0.0215576798822439	ENSDARG00000054202	100137128
6361	HCK	2.02134853669923	3.46446278382727	10.6527691674262	0.00109906227268158	0.018736244839562	ENSDARG00000058647	101885596
6385	hdhd5	2.38878942355804	2.53970261165848	13.7621507074957	0.000207474428321781	0.00633614114575165	ENSDARG00000105077	100137610
6389	he1.1	4.91130430330062	8.50215495726472	8.0509584609139	0.00454795866825268	0.0438097275525845	ENSDARG00000023656	569018
6416	hepacam2	1.97710493326963	2.41293669752798	8.78847974477483	0.00303138766855101	0.0346133434826773	ENSDARG00000061365	558612
6419	hephl1a	3.24804227464081	5.8112458520239	13.7200333036505	0.000212179108858454	0.00641392272286529	ENSDARG00000059231	561607
6423	her13	3.26743603488529	2.70868737487065	8.36361302750128	0.0038280868452928	0.0396649846013723	ENSDARG00000007097	550600
6591	hook2	2.25322009561288	3.28120752995829	10.3396782608297	0.00130200704889937	0.0207703897290879	ENSDARG00000099235	394086
6652	hpn	2.17614205659173	3.32049302630408	9.05084261706452	0.00262573778662352	0.031673297346215	ENSDARG00000027609	569259
6661	hpxa	6.96862701555987	3.92114824201886	15.9970354059326	6.34417498885439e-05	0.00296393301971626	ENSDARG00000012609	327588
6666	hrh3	3.70890993594776	4.32986496092178	11.1313240188638	0.000848819804266882	0.0160192770155174	ENSDARG00000035942	561773
6684	hsc70	3.97909077854556	6.4348793338184	9.90706564934107	0.00164645423689141	0.0240298783264798	ENSDARG00000012381	393586
6721	hspa1b	3.79935596665939	3.38494651241932	13.6085569204037	0.000225156897131772	0.0066484656628231	ENSDARG00000056210	798846
6732	hspb2	3.77549577455955	3.87927995590585	11.168478282776	0.00083198839567311	0.0158193102738059	ENSDARG00000052450	550439
6733	hspb3	3.55150142857387	3.43475487318219	10.7632789769329	0.00103533793156098	0.0181209538855643	ENSDARG00000067714	568180
6734	hspb6	6.67968993123125	7.38796771845018	13.2391000368546	0.000274169512795068	0.0075434493882204	ENSDARG00000077236	792610
6744	HSPH1	2.5463309650061	3.24740027395646	14.2271118746901	0.000162019323497952	0.00538103283908001	ENSDARG00000019874	557824
6819	ifi27.1	3.23925608302577	3.82478897963423	8.01415450749622	0.00464131378021663	0.044480296222549	ENSDARG00000017489	403118
6820	ifi27.2	7.27217644969387	4.3599987793173	11.669633144713	0.000635285361301395	0.0133928066416198	ENSDARG00000039243	641326
6821	ifi27.3	2.93234014945258	2.80053016323261	9.94012515452314	0.00161714553255874	0.0238165074923081	ENSDARG00000074217	558511
6822	ifi27.4	4.30066164321315	3.99272917848914	9.65184910252789	0.00189161075662394	0.0259921494272947	ENSDARG00000078389	100302471
6823	ifi27.6	5.16703325856966	2.8929501437771	9.04926876919316	0.0026279990574553	0.031673297346215	ENSDARG00000074754	558363
6824	ifi27.7	3.54891829601147	3.62878852428135	9.21139692586524	0.00240513098813201	0.0301232522284652	ENSDARG00000075151	558285
6830	ifi44f1	6.56979913143614	3.86539302966302	11.5187389181079	0.000688981136321809	0.0141111636552149	ENSDARG00000071361	555357
6881	IGFALS	3.61443099657	2.06735499487231	12.5814126636903	0.000389602132882081	0.00958421246889919	ENSDARG00000037836	570758
6883	igfbp1b	4.21611255649082	4.92901573933614	11.3505873536496	0.000754241118464755	0.0147937373726654	ENSDARG00000038666	793907
6885	igfbp2b	2.86447684754303	2.56429417970204	24.1047312568834	9.12358596853173e-07	0.000115403656559407	ENSDARG00000031422	798920
6890	igfbp6b	5.23378781260644	4.88512230407525	10.3025582219683	0.00132845916246356	0.0210612674966214	ENSDARG00000090833	100301946
6911	IKZF2	2.00839216263201	2.54292216070871	8.52633739330827	0.0035004342697845	0.037790705327849	ENSDARG00000069111	100150224
6912	ikzf4	1.71729989102377	2.10724134482243	8.37177237999951	0.00381093772279409	0.0396546524422594	ENSDARG00000037068	566844
6936	il1fma	3.14076971651798	2.18972990798178	7.72976779251333	0.00543177345037129	0.0485592378382817	ENSDARG00000089383	102997062
6946	il23r	3.5448389585119	1.48986683963689	15.9022159480375	6.67005770581017e-05	0.00301165770083859	ENSDARG00000052158	100134972
6948	il2rb	3.85452932379621	2.71110258090965	13.595513842073	0.000226726698340248	0.00666433717274406	ENSDARG00000075720	793920
7063	ipo8	1.52137314585597	4.95536277574807	30.1787114401773	3.94010733553477e-08	9.00920696529009e-06	ENSDARG00000058159	555520
7096	irf3	1.96042422543189	2.09320930060348	8.23483948503286	0.00410938066050857	0.0411053157388149	ENSDARG00000076251	564854
7107	IRS1	1.81858711953738	6.48022257631896	12.817791145423	0.000343338825155767	0.00874778278093302	ENSDARG00000054087	559281
7108	IRS2	1.8710378941916	7.16109685189619	9.05570979920106	0.00261875721538432	0.0316647694483928	ENSDARG00000075282	572001
7170	itih3a.1	4.61534863458354	4.61210248661819	20.2683025592578	6.73064776084761e-06	0.000586119000633727	ENSDARG00000055036	553614
7171	itih3b.1	4.78163468594671	5.51283412989696	11.2266778644781	0.000806298453767995	0.0155631308689959	ENSDARG00000102722	613141
7283	kazna	1.59586107691242	2.73483334071795	13.8360089657225	0.000199476443181956	0.00615512519749167	ENSDARG00000076923	100003663
7286	kbtbd12	3.3921214233391	4.05920374626356	14.36953321894	0.000150213201971344	0.00514213523447008	ENSDARG00000001882	559380
7317	KCNG2	1.74487344493352	2.72249409500442	8.23226451103454	0.00411521506099141	0.0411053157388149	ENSDARG00000035961	562421
7325	kcnh4a	1.93034129905335	1.69604152898605	10.7866275811401	0.00102235971839636	0.0179820370587762	ENSDARG00000062565	100148126
7358	kcnk10b	2.58721921633723	1.30017747713001	8.06031949541245	0.00452452044701978	0.0436424132896688	ENSDARG00000045956	565629
7365	kcnk1b	1.63499812945382	1.61604845104332	7.78849180706027	0.00525800694549026	0.0474777723482134	ENSDARG00000017254	561206
7430	KDM6B	1.78941428357188	8.54512592405863	9.69013274270682	0.00185260155860532	0.0257594602875062	ENSDARG00000088087	556678
7459	KIF16B	2.64053097897745	2.56017502122244	9.86019764133452	0.00168892960941702	0.0244894793365467	ENSDARG00000100225	100334507
7483	kif5c	2.48299175546591	2.93555742809353	7.69436232127599	0.00553935774608147	0.0492838594651995	ENSDARG00000076027	565563
7505	KL	2.76100615388393	1.91565868757268	15.9465971522579	6.51548005295976e-05	0.00297839622611418	ENSDARG00000079862	562316
7514	klf13	2.76027582032164	4.41449963359724	13.0040603646056	0.000310816270692005	0.0081761182710795	ENSDARG00000061368	767805
7545	KLHL23	2.14087503328604	3.60868565864438	8.73630211376071	0.0031193647812274	0.0352377805778475	ENSDARG00000078475	559613
7553	KLHL30	3.1793816004802	3.30799975588396	16.2407051114032	5.57825907059582e-05	0.0026672453223613	ENSDARG00000076094	559694
7557	KLHL38	3.25298646356693	4.95552320378387	8.93264981856893	0.00280117663767352	0.0330198184619347	ENSDARG00000040278	563341
7560	klhl40a	3.11124448816906	4.61676342893914	15.8822566715941	6.74077231332347e-05	0.0030298451064876	ENSDARG00000039052	553257
7562	klhl41a	2.32434535992415	3.20571610094773	14.0446623721006	0.000178519799496953	0.00576433053608542	ENSDARG00000068888	100148315
7612	krt96	2.90096511760733	1.51383785659901	10.1797487574148	0.00141991527673443	0.0219528630666276	ENSDARG00000095147	321502
7680	lcat	3.55278864725319	3.53594714144157	14.4449328532797	0.000144317605204843	0.00503189264698388	ENSDARG00000099424	793137
7681	lck	2.74084667409113	1.73753768484058	9.66729520270362	0.00187577270102081	0.0259537673566378	ENSDARG00000102525	414333
7697	ldb3b	2.80401390460394	8.85133764608946	8.4466107605711	0.00365724368731973	0.0387333379829854	ENSDARG00000099974	334100
7709	leap2	3.0385757193198	2.86516637504142	8.62620636869617	0.00331360922498243	0.0365029157057206	ENSDARG00000104654	793075
7718	leng8	2.26696924267189	7.20870470289826	14.5485695629439	0.000136592315112095	0.00484318874756307	ENSDARG00000076805	100037367
7731	lgals17	6.1111205189986	3.30358290153177	11.9290134018174	0.000552664371993916	0.0121838925519302	ENSDARG00000088251	794824
7740	LGALS8	1.68660167277656	3.18659210737445	16.6719524133726	4.44331073085743e-05	0.00233847415393976	ENSDARG00000037066	563573
7748	lgi1b	2.69551984865665	2.57002522125454	9.05099880068805	0.00262551349310683	0.031673297346215	ENSDARG00000058421	654829
7815	lipea	1.89206315440463	2.5741826908162	13.4302605753022	0.000247597720359819	0.00707006444410279	ENSDARG00000063037	568368
7832	lmbr1l	1.85720834643201	5.14318988204774	8.35462663185918	0.00384706508755532	0.039752262941222	ENSDARG00000004745	321314
7853	LMOD2	3.45039508736942	8.11590309865828	8.60553660509615	0.00335142610598743	0.0367154082311338	ENSDARG00000045864	664708
7854	lmod2a	4.58161069372713	5.19134386316666	19.5809313013239	9.6426822411202e-06	0.000757608976962021	ENSDARG00000045634	447877
7855	lmod3	3.057184712983	4.11129807151713	11.1924137364045	0.000821324343082566	0.0157002354328806	ENSDARG00000062662	100149390
7894	lpin1a	2.46418879023316	6.4390870503221	8.76086280873894	0.00307763416589002	0.0349977166721915	ENSDARG00000020239	799099
7895	LPIN2	1.59821583965978	6.30651968064084	18.0241356220871	2.18121933503074e-05	0.00140440602311456	ENSDARG00000061214	558422
7980	lrrk2	1.5649808916081	5.22775982456455	8.7474431283671	0.00310036451159663	0.0350884012812942	ENSDARG00000006169	559366
8010	ltb4r	2.71198424724333	3.15295048795175	10.0406833636498	0.0015312038956688	0.0229596109074956	ENSDARG00000032631	100329657
8028	LY75	2.22671857650813	5.52283377388267	10.5205077622966	0.0011805704206691	0.0195138771572135	ENSDARG00000053113	504036
8091	mafgb	1.97404519997125	2.42391603867073	13.0204609506298	0.000308105966853201	0.00811679456252118	ENSDARG00000100097	405877
8123	MAN2C1	1.83046658929882	4.33496815320317	17.8693239455883	2.36604393285182e-05	0.00147546830567875	ENSDARG00000079835	569595
8144	map2k7	1.58395671454591	3.21577568214839	8.21384345656263	0.00415720028490934	0.0413979157349849	ENSDARG00000008279	560913
8158	MAP3K8	2.14869291392369	2.1372983115687	9.38058601289205	0.00219295438240123	0.0284860461836314	ENSDARG00000061710	563727
8226	MASP1	1.65486779329012	3.20175349443568	11.7296773764912	0.000615112550211418	0.0130795586243613	ENSDARG00000068726	100002060
8227	masp2	3.11970141156935	2.81517042870176	9.95375428119961	0.00160521708652491	0.0237191770821639	ENSDARG00000007988	560277
8245	mavs	2.47330491030307	4.92449258120013	15.000735858754	0.000107469262154737	0.00415773164973913	ENSDARG00000069733	562867
8247	mb	4.80134278275044	11.6586533476883	10.7465939278303	0.00104471420749354	0.0182325236211879	ENSDARG00000031952	393558
8259	mbnl3	1.58955974420578	5.87261231272245	10.0627619007812	0.00151296246127473	0.0227485493870395	ENSDARG00000016085	567027
8302	MCOLN1	1.50630144413609	2.32167422971462	9.27503662847661	0.00232298042462411	0.0295027499570327	ENSDARG00000058848	795916
8318	MDGA1	2.580126709033	3.20426441831584	13.943012070612	0.000188436822602649	0.00595444950042324	ENSDARG00000074376	569180
8396	mep1ba	6.00008006532261	2.79265008423596	19.671203161088	9.19770236274899e-06	0.000727526533955551	ENSDARG00000037533	100151009
8436	mettl7a.1	2.72057030410253	2.84784844642694	8.2846183496287	0.00399823072191536	0.0405211556672537	ENSDARG00000056726	569131
8455	mfn1b	1.62751558360091	6.8544854253826	7.82714895723565	0.00514672180862041	0.0470244792298899	ENSDARG00000079219	393620
8472	mfsd4aa	2.86134518739497	2.28763611973769	12.9318029864868	0.00032304648332016	0.00838651241632468	ENSDARG00000023768	393503
8492	MGAT5B	3.32878070011221	1.76074092725511	8.20359426554911	0.00418074871296932	0.0414703613205349	ENSDARG00000115505	101884072
8512	mhc1uba	4.76958957393749	5.72094932754776	8.12320955629117	0.00437021215775084	0.042661594873282	ENSDARG00000075963	30757
8514	mhc1zca	3.21587832314317	3.29647286793123	13.526739374156	0.000235188310096279	0.00683156923545137	ENSDARG00000069471	556341
8517	mhc1zfa	2.73605082863016	1.52677173441883	13.1184472949619	0.00029240227237046	0.00783032211370443	ENSDARG00000088022	102467220
8519	mhc1zka	2.70383341594802	1.43063968908152	7.80085514111958	0.00522215144652598	0.0473478958265601	ENSDARG00000104293	100536229
8523	mhc2daa	8.18990617712194	5.38190029078366	13.6163041364719	0.000224229669254945	0.00664107462159894	ENSDARG00000031745	368878
8536	mical3a	1.57152298803887	5.95380787163274	9.73760238547543	0.00180536230613174	0.02545346777064	ENSDARG00000097017	402881
8538	MICALL1	2.8217848606789	1.77622972596942	8.59276214633607	0.00337501698950783	0.0368169233612387	ENSDARG00000087016	100331822
8574	miox	3.6712083457778	4.15326708888784	13.236845319072	0.000274499503950381	0.0075434493882204	ENSDARG00000002764	571850
8602	mitfb	2.89980843820095	2.17683706635548	9.25969309996124	0.00234252273023017	0.0296514498890384	ENSDARG00000037833	114833
8620	mlf1	2.18012397780624	5.57988851347958	10.9219202317048	0.000950330546875763	0.0171030729601708	ENSDARG00000077301	553527
8634	mlycd	2.16778918393506	4.20279692488557	8.02643430536327	0.00460995044710098	0.0442510582476028	ENSDARG00000104732	100037349
8682	mocos	1.89515861613278	2.70545790806702	11.6833518571904	0.000630618229099802	0.0133101492496982	ENSDARG00000057148	100331902
8683	mocs1	1.62209141544884	2.90753337803448	10.8630495146717	0.000981020189070444	0.0174790160560153	ENSDARG00000078479	793471
8706	mov10b.1	2.23158173865587	3.63738607965024	9.25078892946188	0.00235393994222054	0.0297116198651828	ENSDARG00000061177	556024
8715	mpeg1.1	2.57629206882389	4.4763487037293	11.9888669879387	0.000535193190154728	0.0119463961782348	ENSDARG00000055290	335407
8746	MRC1	1.82916197579572	3.84088545630707	8.41497898286566	0.00372142097377607	0.0390880701220826	ENSDARG00000102100	100286774
8747	mrc1b	2.87114464179899	4.72504184955207	12.2808228277239	0.000457636555101249	0.0107085988939492	ENSDARG00000038822	559502
8842	ms4a17a.16	3.41381617808947	1.67414281047925	9.97597690121223	0.00158595828382837	0.0235342844333828	ENSDARG00000054898	751754
8922	MTHFD1	1.92242077586239	3.22954501721901	10.4848086576659	0.00120360082382022	0.0197569398414989	ENSDARG00000018266	567587
8975	musk	1.55249997593778	2.5267843388265	7.8625837973353	0.00504682213167984	0.0466425073182049	ENSDARG00000098764	334526
8988	mxe	3.84221614619572	2.28116755582905	8.36861340653742	0.00381756788380045	0.0396649846013723	ENSDARG00000014427	337663
9000	MYBL1	1.64492023951676	3.65989261500652	10.242362956115	0.0013725165494319	0.0215429435341907	ENSDARG00000030999	558540
9003	mybpc1	2.42840304971901	4.70304457403232	9.84767875303389	0.00170046191909509	0.0245967058613633	ENSDARG00000045560	492356
9007	mybpha	3.0167949932432	3.57110473267983	8.83648973322066	0.00295266515941748	0.034201149081014	ENSDARG00000058799	393530
9029	myh7ba	3.25845852228122	9.07277258464473	10.5663682673816	0.00115163759329411	0.0192306686035538	ENSDARG00000076075	100884147
9053	mylk3	2.89288218675972	7.91259696232254	9.6760749722025	0.00186683012159146	0.0258834178438796	ENSDARG00000076348	561635
9054	MYLK4	2.80464875432484	6.61205154138218	9.65892133503419	0.00188434230652724	0.0259921494272947	ENSDARG00000091260	566845
9071	myo1f	2.36174536980607	3.5396299178249	11.7337270388067	0.000613775518574514	0.0130795586243613	ENSDARG00000078734	565345
9073	MYO1H	2.81308408585057	2.16690164112928	9.45613146642147	0.00210444438183094	0.0278020485555221	ENSDARG00000061968	556606
9093	myom1a	2.07424567131501	5.71681142852642	7.81940465516807	0.00516882196679583	0.0471539333901809	ENSDARG00000061249	558671
9097	myoz1b	3.05924429352215	3.76355832375426	15.6440852292743	7.64513184659739e-05	0.00334193447264864	ENSDARG00000071445	436720
9098	myoz2a	3.50975472175294	3.94394578874506	8.60621421811817	0.00335017943405155	0.0367154082311338	ENSDARG00000012311	393873
9105	MYZAP	2.57206958295429	6.51344628626609	13.3680330143916	0.000255949652159824	0.00716174868498841	ENSDARG00000075017	555796
9198	NCAN	2.79937569049597	2.77336400143914	7.78590280177336	0.00526554716595268	0.0474777723482134	ENSDARG00000005783	559024
9210	nceh1a	4.16081726686891	1.97634517612621	9.58880060720682	0.00195767785427743	0.0265372497676358	ENSDARG00000020427	432374
9213	ncf2	2.09881839416279	2.37775651798837	8.83420575320343	0.00295636275310469	0.0342159180412862	ENSDARG00000005821	562473
9231	ncs1b	3.1461922377621	2.93314967274655	8.48802564410961	0.00357491547206607	0.0382016881032345	ENSDARG00000054186	553174
9251	ndst1a	1.71895250267236	3.00123450422063	13.0806006767764	0.000298369759329692	0.00793637148055616	ENSDARG00000062397	100329944
9307	NECAB3	3.03690740086671	2.39465352516098	10.4149808896098	0.00124997148998784	0.0202290437434027	ENSDARG00000074794	101887165
9314	nedd4a	1.5487433566834	4.89827422202518	8.50164216100274	0.00354826100669084	0.0380536590825803	ENSDARG00000099843	619412
9343	nes	2.65443910246131	3.23223023750605	15.2202210051012	9.56734728448166e-05	0.00387803724588024	ENSDARG00000088805	100150939
9350	neu3.3	2.85151088990701	3.08753136983412	8.21158398014227	0.00416238000679927	0.0414004708747796	ENSDARG00000058327	555206
9352	neu3.5	3.1098100254936	1.7892072301912	8.58128483744048	0.00339635633575594	0.0369255225451207	ENSDARG00000096368	100000684
9357	neurl2	3.83988659199455	4.24616432698678	12.8502164384727	0.000337440211329564	0.00862212918203836	ENSDARG00000062446	560768
9364	neurog1	2.76651377399918	2.30762367747254	7.95393087897136	0.00479830450931972	0.0453752709033495	ENSDARG00000056130	30239
9379	nfe2l1a	2.37969924358664	4.018218393174	13.2037743619662	0.000279385892388016	0.00763097531640878	ENSDARG00000030616	405781
9493	NKTR	1.55341271765089	6.43606295915737	14.965026723053	0.000109522347566496	0.00419169757263615	ENSDARG00000059097	323005
9495	nkx1.2lb	2.71285388650761	1.61233603365375	7.83230766291723	0.00513205371316318	0.0469867443399719	ENSDARG00000099427	407077
9501	nkx2.4b	2.32114407272566	1.52365765906939	8.05051501776548	0.00454907202650572	0.0438097275525845	ENSDARG00000104107	58112
9523	nlrc5	4.98262274436798	3.568333798461	13.3947630481459	0.000252327814873076	0.00709821226855098	ENSDARG00000024631	100535184
9543	nmrk2	2.54653609810981	7.63976941644524	8.01604633913908	0.00463646780548685	0.0444594668758154	ENSDARG00000067848	447879
9557	NOD1	2.71970873540187	2.4682391346372	11.4190531727234	0.000726947325198513	0.0144538523354688	ENSDARG00000036308	NA
9587	notch1a	1.58856243618289	6.70279942404981	12.3440528088387	0.00044239355075073	0.010478205813598	ENSDARG00000103554	30718
9595	notum2	3.76326272229826	2.12467694462586	29.553641270196	5.43903773065027e-08	1.21256547407684e-05	ENSDARG00000088411	566040
9598	nox1	2.97077711735197	2.35623482284188	16.6606149629549	4.46994674392891e-05	0.00234475000523447	ENSDARG00000087574	555604
9605	npas1	2.62945227700297	2.28884390281684	9.63190227850329	0.00191226449092115	0.0261342813759224	ENSDARG00000015876	559419
9653	npvf	4.61012898015702	1.49566823287864	10.4635667813001	0.00121751970374873	0.0198850402164457	ENSDARG00000036227	100002108
9661	npy8br	2.11806547771847	1.37279898850919	9.65615895949452	0.00188717794832894	0.0259921494272947	ENSDARG00000005780	30713
9664	nr0b2a	3.53677477991607	3.84934640492712	21.7850662592547	3.04964624349486e-06	0.000318072752939946	ENSDARG00000044685	403010
9694	nr5a5	3.34443733604728	3.30201902648591	8.30369436563163	0.00395645147757082	0.040321892629986	ENSDARG00000039116	407626
9697	nrap	3.43329945022948	6.09450177457922	10.6269493172384	0.00111451422739911	0.0188916867813588	ENSDARG00000009341	724004
9756	NT5C1A	2.60919460279124	2.21628215792927	10.4586201541049	0.00122078432840583	0.0199201175636943	ENSDARG00000070590	799449
9757	nt5c1aa	3.10906569352316	4.26738830498858	11.1888173133277	0.000822917808485671	0.0157138534414796	ENSDARG00000035883	562627
9814	nudt4a	1.61010889563394	5.0038931654005	11.3499460777802	0.000754501597533959	0.0147937373726654	ENSDARG00000057767	378990
9823	nuggc.3	2.75627692567317	1.77901466906126	15.3812157114282	8.78573558153595e-05	0.00364403707201613	ENSDARG00000058672	100006053
9903	ogfr2	1.95556115219655	3.39054009145897	8.50939758901822	0.00353317009148882	0.0379602943263272	ENSDARG00000024815	368398
9912	OIT3	2.7870417171183	2.40569592317944	10.9894101882297	0.000916339679481	0.0167619673677371	ENSDARG00000087227	100535938
10156	OTOG	2.93155902119098	2.90501729404828	21.6511233763832	3.27018434201803e-06	0.000337670917011898	ENSDARG00000068460	103911405
10160	otomp	4.27452696634046	2.58693203419108	28.1338611329531	1.13207750061099e-07	2.17103249713947e-05	ENSDARG00000040306	565818
10169	otud4	2.20770133596936	4.11207844486381	15.0830568785338	0.000102882583060756	0.00408666117792558	ENSDARG00000077810	327127
10178	otx2a	2.92217563845342	2.10737597437296	11.6298625595235	0.00064901350202883	0.0135710648856674	ENSDARG00000030703	30462
10209	p2rx7	1.75095590577217	2.70370376353142	10.6773567352485	0.00108454923741671	0.0186348127642842	ENSDARG00000042440	387298
10225	P4HA3	2.64497907563372	1.66013277455255	9.57588994848682	0.00197149262419835	0.0266577490163591	ENSDARG00000103692	563281
10241	pacs2	1.65898120281854	3.34877123513665	13.1299249309516	0.000290616417281517	0.00781537790211565	ENSDARG00000078185	794778
10284	pank1a	2.35381192122213	5.09407821442339	13.4825901952396	0.00024078717983203	0.0069489309907836	ENSDARG00000008192	406789
10298	PAPPA2	1.95289398831204	2.43487220002819	11.2993319570499	0.00077534983611971	0.0151129664778088	ENSDARG00000076020	567038
10299	pappaa	2.21422800677537	4.2712566480467	9.07573460838104	0.00259023501903527	0.0314875266335703	ENSDARG00000101090	101448000
10330	PARP11	2.62318872535592	1.89587496516886	8.62817068232175	0.0033100380092394	0.036499247012016	ENSDARG00000098716	103910991
10333	parp14rs1	2.19199236495496	3.99043934049138	17.1206667258625	3.50785154884133e-05	0.00197405266713562	ENSDARG00000040445	791754
10339	parp8	1.79431317648496	3.78399699502637	14.2707062678809	0.000158309540255645	0.00530723806477337	ENSDARG00000059789	568910
10358	pax5	2.35061596490752	1.60516087563923	8.18470346986862	0.00422450834422736	0.0417178710650831	ENSDARG00000037383	60636
10361	pax7a	2.64690630839481	2.36889665475226	13.17699488494	0.000283406869412488	0.00771688781064384	ENSDARG00000100398	30587
10390	PCDH12	2.03222079679831	4.31848606321655	12.3616899822417	0.000438233823915104	0.0103934843743695	ENSDARG00000076594	555419
10437	pcgf5a	1.91323572277606	3.27254917082996	8.44825336826106	0.00365394193103413	0.0387322947497507	ENSDARG00000071007	562327
10438	pcgf5b	2.69354092026602	3.36295959982451	13.1690245345681	0.000284614857344074	0.00771739856223243	ENSDARG00000052388	692252
10447	PCMTD2	1.73631534578902	2.89541044664108	8.65982947423878	0.00325301737801225	0.0360581509862327	ENSDARG00000104883	100536777
10500	PDE1A	2.49787049265929	4.90585690355453	9.07467216751127	0.00259174034752348	0.0314875266335703	ENSDARG00000060875	564465
10504	PDE4A	1.52582299577561	3.08578344422826	7.96209356570234	0.0047767131050918	0.0451950547635609	ENSDARG00000032344	572061
10597	perm1	1.90578561054828	6.02401222302248	9.33511850982633	0.0022480355261801	0.0289485296818932	ENSDARG00000076850	799552
10623	pfkfb1	1.98902399322742	2.77019007959368	9.76558854171661	0.00177808585819993	0.0252284497064405	ENSDARG00000037140	327453
10631	pfkma	2.07432482762482	3.41445907359433	7.89547383290459	0.00495586535353388	0.0461314501984743	ENSDARG00000014179	447836
10633	PFKP	2.33727896131859	6.66560499381786	8.19941764564722	0.00419038376199691	0.0414966654054497	ENSDARG00000012801	561416
10640	pgam2	2.46233714742127	6.98520781068222	7.66697058838217	0.00562408030071196	0.0498536143952276	ENSDARG00000057571	572733
10652	pglyrp2	2.47177775966725	2.24149819546242	9.92217004861156	0.00163299734094747	0.0239117467781594	ENSDARG00000062998	568634
10679	pheta2	1.78506549026026	2.74134991146468	9.92413904122751	0.00163125134325125	0.0239058074830617	ENSDARG00000110325	556313
10684	PHF13	2.02420022029931	3.27430826453257	20.5234591417217	5.89048806869099e-06	0.000527923892990471	ENSDARG00000102023	100537300
10705	phkg1b	3.22326425405878	4.64551130662881	14.8988250120165	0.00011343361590334	0.00428620453312727	ENSDARG00000069498	554046
10875	PLA2G4A	3.68584988738451	2.98158396745805	9.51112543591763	0.00204229867387069	0.0272433783459115	ENSDARG00000017141	559087
10910	PLCL2	1.77463443161926	4.19220498844151	8.24332096884898	0.00409022269366861	0.0409796240832241	ENSDARG00000098826	NA
10922	plekha2	2.35954263532231	2.115446722348	8.5967466650464	0.00336764062981055	0.0368169233612387	ENSDARG00000078221	100003662
10925	PLEKHA6	1.61377710649662	7.14826427671032	10.3509692689085	0.00129406718729235	0.0207178530389219	ENSDARG00000020328	568764
10965	plp1a	3.56999300260926	2.98675929741583	15.8765013596237	6.76130278879766e-05	0.0030298451064876	ENSDARG00000103732	64264
11004	plxnb2a.3	2.18163423195436	2.18827666371369	14.3796718089965	0.000149406552288204	0.00513423094423914	ENSDARG00000079892	561237
11006	PLXNC1	1.74811706993331	3.71235111679767	9.18042393663173	0.00244617357070799	0.0303812713325746	ENSDARG00000015278	562273
11008	pm20d1.2	2.41824663015558	3.64643651145299	17.9535927650249	2.26356755870202e-05	0.00144975680482368	ENSDARG00000062096	768158
11037	PNPLA2	2.44080523908732	4.12591815412628	13.898440879932	0.000192958467193137	0.00600031602056353	ENSDARG00000089390	101887155
11040	PNPLA6	1.67529216290347	5.64204222899845	15.6623517046826	7.57164467748209e-05	0.00331794306690155	ENSDARG00000010773	560986
11138	popdc3	2.57363725630204	4.47423707423783	9.29660939006983	0.00229578365048346	0.0293514705422025	ENSDARG00000058551	415108
11150	pou3f1	2.97165204624604	4.53532974249292	8.26094028897865	0.0040507141907162	0.0407700268574625	ENSDARG00000009823	30398
11169	PPARD	2.01363238755195	2.96718166484304	17.0952194868331	3.55516803599455e-05	0.00198766212921513	ENSDARG00000044525	30750
11242	PPP1R16A	1.83917107940054	2.52370701025637	9.49614731280922	0.00205903790093805	0.0273373338099953	ENSDARG00000076980	794494
11277	PPP2R5A	2.49115491017768	4.2615137252539	19.9684904546	7.87289007182218e-06	0.000650060159402539	ENSDARG00000027017	562460
11307	PPTC7	2.14305005909925	5.39385484470819	9.02952727265402	0.00265653171742728	0.0318266552210158	ENSDARG00000052658	562909
11353	prg4b	3.70175536408452	3.72372065649285	17.6235591036991	2.69232356680899e-05	0.00162120113241643	ENSDARG00000028163	553377
11384	prkcda	1.777051932738	4.73334861769956	9.70876316712369	0.00183391398622415	0.0256838775525929	ENSDARG00000009208	334571
11425	PROC	2.89426414716022	2.41713229286351	10.3061411282369	0.00132588240117123	0.021057090494113	ENSDARG00000038258	NA
11426	proca	3.05981693906911	1.85525941175567	9.60313493995485	0.00194245463916044	0.0264253840499058	ENSDARG00000093079	393327
11469	PRR5	1.73767697129415	2.83945757697612	17.511831730119	2.85525283896891e-05	0.00168620643652352	ENSDARG00000075977	555584
11490	prune	2.0495052871694	3.19655738855291	12.5748200267229	0.000390978893372411	0.00959999605302844	ENSDARG00000076246	563343
11518	psmb13a	4.79406062100615	2.92299673326542	8.20258405630801	0.0041830770964756	0.0414703613205349	ENSDARG00000001656	64280
11557	PSME4	2.3826397604324	5.36948402449573	11.2060515732636	0.000815310114042088	0.0156187496068106	ENSDARG00000087911	793897
11566	pstpip1a	2.70313598897611	1.91007512090021	10.9641479864669	0.000928916474853246	0.0169165906058388	ENSDARG00000060860	571331
11567	pstpip1b	2.46988849807678	1.91095652412995	7.89729229613715	0.00495088542959462	0.0461091601236658	ENSDARG00000053568	641582
11573	ptbp2b	2.03684822876447	6.26506450468976	11.6898600424209	0.000628416257258347	0.0133045320407655	ENSDARG00000015901	562434
11600	ptger4b	1.69837274543745	2.33032573190353	8.49743696664584	0.00355647107887225	0.0380958929079199	ENSDARG00000035415	100005416
11622	pth4	2.88328058822744	1.51727361748266	7.72854601871228	0.00543545024797525	0.0485677631125444	ENSDARG00000106914	101886149
11669	ptprja	1.96180698398742	2.83666882929454	11.2190126765928	0.000809635573708573	0.0155769692093769	ENSDARG00000033042	559679
11706	pvalb3	2.40172361805145	2.20823169976706	8.92812826034671	0.00280811974342397	0.0330579641082287	ENSDARG00000022817	100000771
11721	pxmp2	1.93294046182641	3.64022508030404	11.2277197529701	0.000805845931076671	0.0155631308689959	ENSDARG00000003144	447868
11838	RAB9B	1.57241150195765	2.14251901191216	11.3491837041575	0.000754811383416625	0.0147937373726654	ENSDARG00000103391	100003363
11886	rag1	2.50001335247147	1.7498776696396	11.3998551887072	0.000734498312835364	0.014523034821972	ENSDARG00000052122	30663
11900	raly	2.30686452271285	4.76706828338732	7.8592661030748	0.00505609110224294	0.0466425073182049	ENSDARG00000059972	402903
11917	RAP1GAP	1.89396153753631	2.80641466033522	9.94862376653231	0.00160969690500894	0.023746025062725	ENSDARG00000053272	100538309
11919	rap1gap2b	2.34204475034314	1.68624390619809	9.43963357866617	0.00212345915192822	0.0279317737748066	ENSDARG00000074222	100170821
11960	rasgrp4	1.64267100341222	3.97527775367239	14.3525644445009	0.000151573101537093	0.0051589814235001	ENSDARG00000061796	558453
11980	RASSF9	2.20560817737766	3.20462611852779	11.1226955068333	0.000852777639184473	0.0160252948313614	ENSDARG00000074721	NA
11991	rbck1	1.67207157676449	3.55339315996443	12.5381317289104	0.000398730769555732	0.00974159352743353	ENSDARG00000031954	431715
12050	rbp7b	3.50889484231635	2.38778954166713	8.90981592042129	0.00283641855761829	0.0333690797988932	ENSDARG00000070486	569308
12167	RGS13	2.44649916705358	1.46051067759212	8.28680933648086	0.00399340941254761	0.0405211556672537	ENSDARG00000100835	792554
12179	rgs6	2.10794720735819	3.97649867541627	8.51057930813205	0.0035308763771127	0.0379585172910217	ENSDARG00000015627	562667
12315	RNF14	2.15288986909047	3.84904989704158	16.2986483489658	5.4102529219729e-05	0.00262447501610623	ENSDARG00000078683	110437942
12325	RNF152	1.66281022786138	1.70668589009418	8.07382769044987	0.00449091515498249	0.0434121798314974	ENSDARG00000087782	541544
12345	rnf213a	2.20102077968418	5.53401387662193	9.79601324348643	0.00174890618432414	0.0249815019275311	ENSDARG00000099465	503775
12348	RNF220	2.37923101042839	1.99143307507783	13.0426805579795	0.000304471999311358	0.00806873418680247	ENSDARG00000075183	558091
12392	rorcb	2.31654809187361	5.30244721463465	15.7809880725097	7.11135220335424e-05	0.00313938036006987	ENSDARG00000017780	562258
12453	rpl9	2.5295586559842	6.23817542187822	10.5251893900452	0.00117758343685442	0.0195006505072409	ENSDARG00000037350	336702
12511	RPS6KA5	1.98733464311761	3.74569332059601	9.76259258245852	0.00178098577003063	0.0252495081148619	ENSDARG00000060551	565173
12518	rps8b	3.02457311927702	3.40203538324701	8.84534533805818	0.00293837295486988	0.0341628954694291	ENSDARG00000057368	100000836
12530	rpz6	2.84860195509756	2.74945472542772	9.52271448199313	0.00202944174056827	0.0271541065874083	ENSDARG00000089889	100000883
12535	rragd	2.49143482966948	4.9885929960302	10.4822860238801	0.00120524533487809	0.0197569398414989	ENSDARG00000006279	570568
12635	ryr1b	3.15691874061166	5.97638786950243	14.2212500574117	0.000162524784013613	0.00538778721725427	ENSDARG00000023797	570245
12637	RYR3	2.85865560212656	6.5091845464454	13.3468371319839	0.000258858843123334	0.00721366791735105	ENSDARG00000071331	561350
12653	s1pr4	2.71877708126548	2.13072587942375	7.74107983125786	0.00539785127363625	0.0483286533460354	ENSDARG00000074851	402857
12656	saa	3.89622896961424	1.99591280523285	8.45520979212319	0.00363999260130459	0.0386194336967682	ENSDARG00000045999	449557
12724	sbk3	3.63709407675862	6.39455073619313	10.0214651516828	0.0015472633682116	0.0230924202276602	ENSDARG00000057687	100003100
12754	sccpdha.2	3.98432050055048	1.66891753811146	16.5348069051624	4.77651578652286e-05	0.00246925098703291	ENSDARG00000075053	569379
12782	scn3b	3.78191514317291	6.31816132411458	11.4630608443971	0.000709932718543156	0.0143882386763832	ENSDARG00000062359	563935
12787	scn5lab	2.59094247914109	5.10494080309567	8.5362500295919	0.00348142149665558	0.037653821948364	ENSDARG00000102312	566868
12835	SDK1	2.2472351855524	3.30632365444223	14.3451347545254	0.000152172422409298	0.00515968660393505	ENSDARG00000078866	558391
12842	sdsl	2.23117481431954	2.78675772757652	8.52305788331233	0.00350674769474255	0.0378346024849708	ENSDARG00000074698	563642
12964	serpinb1l1	3.05990568399703	3.24731004373683	7.99814630366902	0.00468252626794745	0.0446936364960268	ENSDARG00000095830	494155
12975	serping1	4.79420068672105	3.50781818758642	18.2403560577042	1.94709283132717e-05	0.0012957612181612	ENSDARG00000058053	567801
13013	SFMBT2	1.81368605569037	3.71344806395578	17.0460320696099	3.64845316463297e-05	0.00203234116876217	ENSDARG00000045519	555450
13025	sftpbb	3.22134471448924	3.83737549551496	12.1878689584265	0.000481013027024747	0.0110410133037148	ENSDARG00000067566	100001978
13040	sgk2a	2.05587271733474	3.55558826995173	15.3212122162627	9.06924018259288e-05	0.00373556347936591	ENSDARG00000063370	570956
13053	SGSM1	1.78975647758299	2.32090029844612	9.04903018113978	0.00262834202816923	0.031673297346215	ENSDARG00000028857	100270734
13054	SGSM2	3.41190927480363	3.72998282227921	17.9046402981084	2.32254136610331e-05	0.00146062510893716	ENSDARG00000063307	799094
13061	SH2D3C	2.02531653407165	3.31314526595594	12.7283151549465	0.000360160859877533	0.00909839792622635	ENSDARG00000028099	558860
13065	sh3bgr	2.21775937594566	5.36812202197431	11.5035203349204	0.000694645048763997	0.0141767843389612	ENSDARG00000021633	445130
13097	shc2	1.60712433233312	2.29272171527528	12.8683527956436	0.000334185628770733	0.00860057819498704	ENSDARG00000062080	562011
13102	shfl	2.83723799463825	1.95792210785023	10.2713654667505	0.00135110770388572	0.0213625938819164	ENSDARG00000052176	797287
13128	SHROOM3	2.00437179037946	5.03519746169207	8.70045826431782	0.00318130061376703	0.0355754128450466	ENSDARG00000102180	NA
13133	si:busm1-266f07.1	8.1679657872432	4.9037427080222	12.144492861009	0.000492330276051518	0.0111856184374253	ENSDARG00000079105	368877
13187	si:ch211-133n4.6	2.91391807744695	1.65867758041561	7.82834433675114	0.00514331910662402	0.0470174763027367	ENSDARG00000092099	797776
13216	si:ch211-165d12.4	1.57244459007859	2.92347147208613	7.96750190195186	0.00476246186376948	0.0451320442828526	ENSDARG00000079353	541321
13217	si:ch211-165i18.2	5.4090261605863	3.36952755826526	12.4531457890786	0.000417288419032501	0.010043642312341	ENSDARG00000077239	100149646
13223	si:ch211-188c16.1	2.10817607450802	1.39348757454155	8.53775545096601	0.00347854324438901	0.0376455210944648	ENSDARG00000077288	562677
13308	si:ch211-262h13.5	5.87829317062413	3.10266660512708	21.5520412474412	3.44355972073944e-06	0.00034895390692834	ENSDARG00000070892	571127
13337	si:ch211-5k11.8	13.9155788440832	10.2183704138361	12.3030677205248	0.000452214415198974	0.0106676137656268	ENSDARG00000079078	497162
13343	si:ch211-77g15.32	2.91496180591595	1.7522888730671	7.82932071854178	0.00514054149284407	0.0470161833460892	ENSDARG00000095362	326086
13359	si:ch73-15n24.1	3.46351361184316	2.66859197328763	8.27815100489971	0.00401249681346318	0.0405225824847767	ENSDARG00000079901	322603
13362	si:ch73-196i15.3	2.55028934270081	1.91263852557565	8.14677409999797	0.00431378310592574	0.0423565076385381	ENSDARG00000094281	108004537
13369	si:ch73-252i11.1	2.46671243024843	3.6802791430529	11.9551090585082	0.000544977375848376	0.0120591457794737	ENSDARG00000100660	553517
13391	si:ch73-55i23.1	5.9414124748486	5.30661255094526	12.2035904578931	0.000476976271927135	0.0110050088095995	ENSDARG00000042090	100148818
13403	si:dkey-111e8.5	2.20588971397676	1.78939578440839	8.24307800904141	0.00409077022448884	0.0409796240832241	ENSDARG00000093960	566993
13419	si:dkey-14k9.3	1.6029470280632	2.22289061434466	10.5877849277107	0.00113837286030401	0.0190637370549502	ENSDARG00000045595	324173
13440	si:dkey-192d15.2	4.19958215733917	3.66114516636877	10.7438471952708	0.00104626596486535	0.0182325236211879	ENSDARG00000043770	107980443
13446	si:dkey-19a16.4	3.83447804821212	2.26122014688375	16.1670270418217	5.79948806214047e-05	0.00275090078692222	ENSDARG00000071657	557050
13451	si:dkey-204l11.1	2.47623093260166	1.95220273836907	8.64793929559423	0.0032743147784417	0.0362364202553952	ENSDARG00000079403	100006301
13478	si:dkey-239i20.2	2.43478659134648	2.6709399807514	14.7895926812338	0.000120197026085981	0.00443241467630455	ENSDARG00000043518	557525
13511	si:dkey-286h2.3	4.03213873118258	1.40082290687611	15.2765183832978	9.28637626662073e-05	0.003789989032384	ENSDARG00000068290	790965
13543	si:dkey-58f10.11	4.50297518161408	2.25200072272681	7.83417943318851	0.00512674212257441	0.0469867443399719	ENSDARG00000094935	100003654
13589	si:dkey-90m5.4	3.4402763350616	3.44341533765039	8.1461742817709	0.00431521022591666	0.0423565076385381	ENSDARG00000029388	553466
13715	SLA	3.47467106066612	3.79048107571074	8.72120970300881	0.00314529275342671	0.0353942165402173	ENSDARG00000100287	101884146
13744	slc14a2	1.62467660036036	2.60607276763301	7.76611642840341	0.00532353823999584	0.0478554962249626	ENSDARG00000051914	326634
13751	SLC16A12	2.50084827149296	3.40116069862331	12.5878105889423	0.000388270710528931	0.00956465210260151	ENSDARG00000017773	557762
13763	slc16a7	2.72186305671208	3.66528847431909	8.80908111438826	0.00299734947868141	0.0344222330665054	ENSDARG00000021573	641419
13803	slc22a23	1.83342842667742	3.92749285902356	11.5194499344162	0.000688717660426784	0.0141111636552149	ENSDARG00000078856	555979
13804	slc22a3	1.57362713655665	1.96524351831134	9.38427066074065	0.00218855106415159	0.0284789174479722	ENSDARG00000058775	797890
13836	slc25a23b	1.91585598648607	1.41368778496002	8.16279681627445	0.00427583830538859	0.0420626454366274	ENSDARG00000024708	561087
13845	SLC25A29	2.0630363307748	1.7986382581811	11.7291316672356	0.000615292945659609	0.0130795586243613	ENSDARG00000098849	100329459
13871	slc25a55b	2.27867862513052	3.69885648404253	10.2412263623892	0.00137336250945911	0.0215429435341907	ENSDARG00000013749	445054
13882	slc27a1b	2.86604036421975	4.37673079511648	15.4297461603173	8.56297351630451e-05	0.0035776819360708	ENSDARG00000104949	553512
13883	slc27a2a	2.54738173017379	5.14864814666564	7.83962957342167	0.00511130794651055	0.0469413888908422	ENSDARG00000036237	449925
13906	SLC2A6	2.78234896570708	3.12010404635409	8.2942561443851	0.00397706674262444	0.0404422856650047	ENSDARG00000058731	560602
13925	slc34a2b	2.01935576123849	4.3996331292642	17.1568970812697	3.44157495627705e-05	0.00194858696333972	ENSDARG00000036864	359838
13953	SLC35G1	1.77492591526149	2.54507524986925	12.9809262904432	0.000314680249143398	0.00822921150069281	ENSDARG00000063268	100001920
13963	SLC38A3	2.25377732510851	6.13315260682204	27.0060588837659	2.02818719772463e-07	3.53344169741405e-05	ENSDARG00000091061	101884924
13965	slc38a4	1.68893292637693	7.82387285518695	16.5574677362613	4.71977541838622e-05	0.00244701147054995	ENSDARG00000018149	449771
13996	slc43a3b	1.91692792016764	4.89190857533225	10.2276559399324	0.00138350376504362	0.0215688720712876	ENSDARG00000057949	556206
14063	slc6a3	1.76117115654607	1.55167639350413	8.14158364846158	0.00432614843672864	0.0423938776753051	ENSDARG00000004219	80787
14064	slc6a4a	2.41005639552882	6.95612681236429	8.78142824609331	0.00304312835560044	0.0347243725029647	ENSDARG00000061165	664719
14068	slc6a6b	2.4679966637327	5.42630964524258	9.49521706028489	0.00206008210806919	0.0273373338099953	ENSDARG00000098438	569098
14088	slc8a2a	2.90527708969147	2.64180989755409	8.50724113651304	0.00353735966701483	0.0379824260452797	ENSDARG00000008912	569480
14094	slc9a1b	2.51621203592738	4.50617323811947	8.12132179276814	0.00437476509327059	0.0426826780298036	ENSDARG00000097339	795135
14097	slc9a3.2	2.06098434520078	1.74098020917437	7.80764813906484	0.00520255693334367	0.0472441969990755	ENSDARG00000036722	568314
14129	slmapa	1.52311340725313	6.96854380117627	12.7374671561805	0.000358402730284053	0.00906682651718595	ENSDARG00000054458	572011
14176	smcr8b	2.30523000952566	3.39057116030684	14.197370342991	0.000164600381672725	0.00544647088521901	ENSDARG00000015803	407723
14206	smoc1	1.53386005697858	3.00199263321657	7.9324620973109	0.00485556819796445	0.0456505317926705	ENSDARG00000088255	100529120
14211	smpd3	1.66709469857173	2.37132303293545	7.94826407867954	0.00481335240400683	0.0454693538800116	ENSDARG00000098226	568381
14214	smpdl3a	1.92803493647293	2.12077693516729	9.22575458396734	0.00238634324405008	0.0299900124482038	ENSDARG00000053119	541525
14236	smyhc3	2.9412487839459	2.08841264830626	14.3891228304582	0.000148658535654579	0.00512046993544733	ENSDARG00000114031	100001337
14344	SNX20	2.43800851176456	1.78381195794834	9.07341465755034	0.00259352320895901	0.0314877375301457	ENSDARG00000045554	794759
14363	soat1	3.0655701819839	2.48426221715642	21.3000150779054	3.92728409273614e-06	0.000384852262604115	ENSDARG00000062297	564424
14364	soat2	4.67029438764009	2.96061899693071	17.6356677713479	2.67523664397852e-05	0.00161738459475786	ENSDARG00000059824	564868
14375	SOCS6	1.73127326192567	3.09406069147055	16.7498799143375	4.26449636742663e-05	0.00228400278417579	ENSDARG00000058565	558703
14382	sod3a	3.53710285731502	2.00538598410496	11.7623123819806	0.000604420912963124	0.0129409927763473	ENSDARG00000070168	504078
14392	sort1b	1.7870225009747	4.94383173198857	14.6416739089537	0.000130007692596781	0.00470321946747178	ENSDARG00000056252	799153
14405	sox11b	1.92082787222112	6.05789614630132	10.5961777627917	0.00113321688280312	0.0190489378933022	ENSDARG00000095743	30603
14450	spam1	2.92687669477812	1.95080443258415	11.4269603592322	0.000723860103856848	0.014443957449055	ENSDARG00000004199	791203
14476	SPECC1L	1.58373463016552	4.90821734138149	9.19363645660842	0.00242857931575761	0.0303092132171437	ENSDARG00000042232	555467
14488	spi1b	1.78871963822831	3.74783988184004	7.74875869895349	0.00537494727535491	0.0481719520884195	ENSDARG00000000767	30117
14582	SRL	2.67642002933967	6.65539338654939	8.0980542131923	0.00443128038719353	0.0430264458462435	ENSDARG00000112959	103909608
14679	st8sia4	2.3053731462184	3.55259690331529	15.209421230356	9.62221735449956e-05	0.00389143416139455	ENSDARG00000103600	553211
14706	stat1b	5.25531199004516	3.1254348762777	14.0995230974012	0.000173387737292574	0.00565332777808604	ENSDARG00000076182	368481
14707	stat2	3.01504274466132	5.40047962384434	12.4246514357089	0.000423703612059442	0.0101569273132798	ENSDARG00000031647	565200
14709	STAT4	3.19167733227425	5.16183274610048	8.52838984427163	0.0034964889518524	0.0377709754429361	ENSDARG00000028731	368519
14835	sulf2a	2.13562809221607	3.70181549447789	15.9051591747361	6.65969333285611e-05	0.00301165770083859	ENSDARG00000018423	393910
14892	SWAP70	2.0308178715752	2.14987204630042	10.4837948245012	0.00120426147104221	0.0197569398414989	ENSDARG00000051819	NA
14896	sxph	2.31771972821575	1.56764840610899	10.0952544036491	0.00148651637644358	0.0225250803516324	ENSDARG00000013240	100000381
15059	TAP1	2.3056477201811	2.87931632976621	8.83617832691728	0.00295316902633931	0.034201149081014	ENSDARG00000079766	100333043
15075	tat	3.51250022627469	6.49881721453799	8.78973048870684	0.00302931000020351	0.0346133434826773	ENSDARG00000069630	561410
15091	TBC1D2	2.13312557800787	3.26898062855295	9.95178228295897	0.00160693748279303	0.0237249420576272	ENSDARG00000071304	561110
15101	tbc1d32	1.9829891753274	2.52586871736474	13.079235191754	0.000298587343058771	0.00793637148055616	ENSDARG00000041734	566474
15128	TBR1	3.12748413423428	1.91367366146513	12.8509540788887	0.00033730721973734	0.00862212918203836	ENSDARG00000076259	564699
15138	tbx21	1.64765741458848	2.14107178001291	8.29099769182778	0.00398420931106615	0.0404891014603218	ENSDARG00000004473	797797
15145	tbx5b	2.17505072855646	3.68646492147061	9.38143219780802	0.00219194235953362	0.0284860461836314	ENSDARG00000092060	100004161
15146	tbx6	3.22046419575637	2.25787883967916	13.7030695771001	0.000214104256219713	0.00645025238121383	ENSDARG00000011785	192294
15156	tcea3	3.00094613811742	4.49734176579082	19.351426470554	1.08737986716702e-05	0.000825251911954205	ENSDARG00000004724	402983
15178	tcn2	1.98907457128787	4.85354216487295	10.3024914923956	0.00132850720121665	0.0210612674966214	ENSDARG00000036481	407646
15192	tdo2b	3.66004731953263	4.56575811827889	9.56175927449665	0.0019867261665273	0.0267956067483109	ENSDARG00000023176	334082
15208	tec	2.38344617290339	2.78007806187012	18.8630548943136	1.4044658245999e-05	0.000997954102858137	ENSDARG00000098477	571588
15214	TECTA	1.59327772350344	2.15777275732491	7.88276452526482	0.0049908130204315	0.0462773828759663	ENSDARG00000059558	561355
15226	TENM1	1.89401559581154	4.77437480295592	9.4108511302382	0.00215705076311857	0.028225238708892	ENSDARG00000003403	563094
15319	thbs4a	1.71214658307732	2.1906647793514	9.97579249134818	0.00158611713216278	0.0235342844333828	ENSDARG00000102777	563429
15328	thnsl2	2.76158251181463	2.54194975989352	10.1790633810088	0.00142044317235146	0.0219528630666276	ENSDARG00000032584	641568
15342	thrsp	3.95061290805053	1.39123853191178	8.00927677401203	0.00465383202854424	0.0445043798349354	ENSDARG00000099399	568167
15344	thsd7aa	2.3514139144167	3.34880064409134	9.55349984936837	0.00199568542948332	0.0268424205390913	ENSDARG00000061479	557991
15356	ticam1	1.5383755131749	3.82811889052096	9.87266227352507	0.00167752599987493	0.0243728121201834	ENSDARG00000102493	403147
15419	tlr1	2.91595238691637	1.66390654878159	8.10713924433531	0.00440912556175714	0.0429430043742152	ENSDARG00000100649	403127
15423	tlr21	2.63598107976613	1.82574828627387	10.8574665028843	0.000983982179473404	0.0174941248361932	ENSDARG00000058045	402884
15424	tlr22	2.71030193753211	2.12166608963322	9.72415304131668	0.0018186210667695	0.0255797371654843	ENSDARG00000104045	403135
15464	tmcc2	2.7641419450499	2.98583935861642	7.66606636380358	0.00562689948814232	0.0498538263144651	ENSDARG00000046007	560064
15528	tmem150b	2.79750336211683	1.76939374508427	10.3951554768937	0.00126346360885964	0.0204111172681264	ENSDARG00000056144	556933
15537	TMEM163	2.1941125536934	2.88008433187493	13.6460620180622	0.000220703719135638	0.00657137033519885	ENSDARG00000088227	100333673
15551	tmem175	1.68565096834298	2.42534867713441	10.3863859226163	0.00126947862699995	0.0204527112127769	ENSDARG00000076376	100002086
15625	tmem269	5.37138474163902	6.34093750238576	13.164041431719	0.000285372733113542	0.00772325143411233	ENSDARG00000079307	559970
15634	tmem37	2.44501683472601	2.58059693368149	11.1156396986736	0.000856027946283411	0.0160276089095201	ENSDARG00000059305	406453
15639	tmem41ab	2.72954661163257	1.45713960672621	10.4263907750591	0.00124227273072436	0.0201417583204264	ENSDARG00000026771	406356
15670	tmem82	3.55984743887509	4.00442324991626	10.6827917509867	0.0010813674200855	0.0186031683732279	ENSDARG00000097606	568809
15671	tmem86a	1.69517186421357	2.66236923324715	10.4453070768844	0.00122961462900327	0.0199910454952355	ENSDARG00000044034	541385
15673	TMEM87B	1.54325453066251	2.31915718374672	10.6612304568308	0.00109404588117806	0.0186899504701251	ENSDARG00000112581	NA
15678	TMEM91	3.78942946257473	2.62591895839531	12.1602577639941	0.000488186298982519	0.0111482748301578	ENSDARG00000068456	101885207
15735	tnfrsf1b	2.02996162438844	3.5451779375705	14.4684196732331	0.000142529160285724	0.00501327857166273	ENSDARG00000070165	100037357
15762	tnni1c	3.31422072266385	3.02910562209078	13.9013308313072	0.000192662002373135	0.00600031602056353	ENSDARG00000042559	751665
15765	tnni2a.2	3.34638325982436	2.73742262898844	10.6263148869452	0.00111489665771792	0.0188916867813588	ENSDARG00000005841	394068
15766	tnni2a.3	4.51369784431209	2.26272208216768	15.9486674031497	6.50835807520384e-05	0.00297839622611418	ENSDARG00000013752	402809
15769	tnni2b.2	3.89072087947377	5.15074685361207	8.21049562577208	0.0041648773410927	0.0414004708747796	ENSDARG00000029995	445029
15770	tnni3k	3.76120292703531	5.50957817586557	14.1572854605536	0.000168144712507057	0.0055337013681598	ENSDARG00000086933	799621
15773	tnnt1	2.80683405730906	2.85838064253304	20.8798487702002	4.89012071031867e-06	0.000449563416848111	ENSDARG00000037954	558627
15812	top2b	1.62759587178775	7.70837334948529	9.70019319235087	0.0018424864027549	0.0257529349475969	ENSDARG00000034195	569877
15923	TREH	3.08241464022992	1.48881106888186	13.6692141312687	0.000217999154926911	0.00652351498006955	ENSDARG00000077911	795901
15926	TRHR	3.02176365955659	1.99391678846815	8.46267644708016	0.00362508038279999	0.0385529568439105	ENSDARG00000076546	558878
15933	trim101	2.2748186332643	2.06604442814198	11.9683364924719	0.000541122284759497	0.0120036268018478	ENSDARG00000018264	445187
15935	trim108	2.11117136018958	1.73594873313958	8.46449599701917	0.0036214558464759	0.0385529568439105	ENSDARG00000061762	568750
15973	trim55b	2.99979505856798	5.83271696790165	11.4078460394069	0.000731345755661302	0.0144928350580215	ENSDARG00000058158	664753
15986	TRIP10	2.00622023404708	2.17630569777966	8.03439298647626	0.00458973886008025	0.0440892255522579	ENSDARG00000100788	108179043
16043	trpv1	3.04724757570238	3.02944242307883	16.2886132889761	5.43898087236401e-05	0.00262447501610623	ENSDARG00000059883	561195
16070	tsnaxip1	1.56702867977838	3.08243947697553	10.8637204539541	0.000980664838819796	0.0174790160560153	ENSDARG00000030512	565917
16156	ttyh2	1.71730276662533	4.57676828658185	16.9004461657352	3.9392322463685e-05	0.00214195753396287	ENSDARG00000016934	436763
16200	twf2a	2.45334986852094	5.07900103407878	8.44005950982867	0.00367044237016345	0.038763461982721	ENSDARG00000094792	100310784
16209	TXLNB	2.2292918944402	7.02887778681696	9.04233081292163	0.00263799095438445	0.031725265456134	ENSDARG00000020594	563018
16210	txlnbb	3.12218633014481	6.34949372980778	10.3831032466533	0.0012717376549076	0.0204560939709649	ENSDARG00000076241	564166
16229	TYK2	1.96694031598713	4.48125290861934	11.6222859042641	0.000651662620707066	0.0135710648856674	ENSDARG00000020326	100536675
16381	ugp2a	2.85297080229	6.25872968794555	19.8643540905378	8.31361236804172e-06	0.000683286988866471	ENSDARG00000005578	555748
16414	uhmk1	1.64963857136547	4.18079980298493	14.0454737488667	0.000178442793786083	0.00576433053608542	ENSDARG00000059575	767721
16440	unc93b1	2.52173404858392	2.78574995262869	13.5521860909503	0.000232021022205859	0.00676159302457761	ENSDARG00000069114	100000934
16443	UNG	3.84196416447819	1.99161021981969	10.8878579502389	0.000967967068595613	0.0173363852653869	ENSDARG00000094922	571301
16455	upp2	5.41880625010691	3.48993139129343	15.3576293872413	8.89609686143203e-05	0.0036812502905717	ENSDARG00000036833	393113
16494	usp13	1.84820702087176	7.08278214840311	9.79394301380851	0.00175087622144177	0.0249815019275311	ENSDARG00000079198	558011
16566	VASH1	2.08721422189055	3.00477817148287	10.797703786119	0.00101626072141877	0.0179278041211709	ENSDARG00000092716	100001748
16570	vaspa	2.87198747096131	2.32518044144797	10.9544546841395	0.000933788492531261	0.0169165906058388	ENSDARG00000099690	555805
16593	vegfab	2.10731945212816	6.02860161151061	11.1609986678497	0.000835349431770681	0.0158494224634363	ENSDARG00000034700	558154
16625	vmo1a	5.94011296664225	3.22236039939206	13.377340777515	0.000254682570970802	0.00715098428140932	ENSDARG00000043002	793369
16662	VPS72	2.29941936909274	2.54658468222449	8.51422127219224	0.00352381685110793	0.0379054725811278	ENSDARG00000088567	795272
16684	vtg1	10.4447817267054	6.17502379761355	19.5350322515171	9.87715939869762e-06	0.000765909295112053	ENSDARG00000092233	559475
16685	vtg2	8.09529669794443	4.30090033358541	16.465252411755	4.95499258166547e-05	0.00249639244898316	ENSDARG00000055809	559931
16686	vtg3	4.09462843324098	2.76621267469824	14.0689386158135	0.000176230218793831	0.00573552181056199	ENSDARG00000016448	30518
16687	vtg4	8.36543597732789	4.1690021409511	16.1937332819715	5.71829718976565e-05	0.00271962214345254	ENSDARG00000078429	678536
16688	vtg5	7.53549187655041	4.13986976530127	16.786942236224	4.1820085989737e-05	0.00226018555644533	ENSDARG00000092126	64260
16689	vtg6	8.30933752458682	3.93832669426544	15.929192426348	6.57566577220404e-05	0.00299176017977702	ENSDARG00000016825	559229
16690	vtg7	7.73530984684409	3.69456630479338	18.1977669652756	1.99112151389924e-05	0.00131731685247705	ENSDARG00000092419	559856
16736	WDR20	2.01418558758282	3.2524128890441	9.14684550879065	0.00249147218727299	0.0307169827934333	ENSDARG00000041239	100535470
16789	WFS1	2.57587952221257	3.69511541189181	8.32967180367599	0.0039002703513472	0.0400468173380986	ENSDARG00000062341	566876
16855	xirp1	3.31792477719681	8.59494833239624	11.2919286740193	0.000778447715639157	0.0151567849436947	ENSDARG00000030722	497637
16868	xpa	1.87443355848507	3.09506324631456	8.00998579689347	0.00465201025360792	0.0445043798349354	ENSDARG00000038114	393443
16879	xpr1a	1.93100408257422	4.24633465073261	9.90332134463959	0.00164980747510174	0.0240591302685523	ENSDARG00000062449	100170805
16954	ZBTB16	2.05101862618104	4.2957489829087	13.7212736953506	0.000212039027780331	0.00641392272286529	ENSDARG00000074526	569773
16972	ZBTB47	3.0240821852671	2.60507144735091	11.6188370879176	0.000652872087014446	0.0135710648856674	ENSDARG00000079547	100536838
16985	ZC3H12B	1.89709958373006	3.5605362252919	9.86936602925694	0.00168053405048145	0.0243875710254976	ENSDARG00000062463	100002370
17059	ZFYVE1	1.51027241106174	3.35636537926226	19.1058860104484	1.23662916651115e-05	0.000900215558560262	ENSDARG00000078652	100005732
17080	zgc:101699	5.93163837440195	3.00466966643383	10.8771181627375	0.00097359618240665	0.0173814693826052	ENSDARG00000033355	492789
17089	zgc:103438	2.45498219217672	3.15534717860395	10.9388989102798	0.000941661147115546	0.0169813210908046	ENSDARG00000035663	450015
17092	zgc:103586	1.69373259877932	3.21878198874428	8.3835540859587	0.00378631301167852	0.0394675000369879	ENSDARG00000036426	492517
17150	zgc:113119	1.90090249134156	2.68658400515218	13.7159395892257	0.000212642086058555	0.00641704163257924	ENSDARG00000089142	541480
17167	zgc:113276	3.35565202806525	4.51098793084821	10.0252540495699	0.00154408377538487	0.0230816135752163	ENSDARG00000056650	553748
17173	zgc:113298	2.46031559659815	2.87715176380807	11.4112531260928	0.00073000574933188	0.0144823721238421	ENSDARG00000071648	553751
17209	zgc:123107	4.12580266903808	2.28444215264732	9.12897794198246	0.00251592233538521	0.0309245174718093	ENSDARG00000101675	641415
17215	zgc:123321	2.77322616326034	1.70569619826284	9.28370177892653	0.00231201720913568	0.0294114314728494	ENSDARG00000039726	559912
17226	zgc:136908	3.13983625452058	3.18031019691573	8.58086028540215	0.0033971483153264	0.0369255225451207	ENSDARG00000011983	563679
17232	zgc:152753	3.84589505637158	1.36457991763381	10.0790288307794	0.00149966355426418	0.022647332337258	ENSDARG00000056443	553486
17233	zgc:152774	2.47764421024223	2.74558475814112	10.3118506001218	0.00132178670253809	0.0210107538678849	ENSDARG00000104408	553526
17251	zgc:153151	2.56814927162479	2.20114968305437	8.90204806518476	0.00284850986567921	0.0334451438146074	ENSDARG00000069563	751646
17260	zgc:153372	1.92238364547986	4.40456605823093	8.72657067437778	0.00313605790145048	0.0353549890470096	ENSDARG00000068967	767695
17269	zgc:153738	3.07003868093335	2.03581685916206	12.8642437395237	0.000334920217482887	0.00860706351413154	ENSDARG00000069230	558115
17270	zgc:153759	2.77548090560291	2.66623470808836	14.3883570564177	0.000148719003451736	0.00512046993544733	ENSDARG00000068969	791704
17274	zgc:153896	2.29179446760214	3.25108474333615	12.051309284024	0.000517560155170958	0.0116255483217557	ENSDARG00000003977	569930
17280	zgc:153981	2.6753541651671	3.3133794171939	7.85121872267888	0.00507864600533186	0.0467135902553346	ENSDARG00000069529	563986
17289	zgc:154125	3.11340858595791	2.07511426789087	8.24808030252574	0.00407951215219034	0.0409782031518681	ENSDARG00000071463	768188
17317	zgc:161973	3.11540937425527	2.10552450198697	10.9492666776922	0.000936406678159506	0.0169379443255322	ENSDARG00000029848	556635
17332	zgc:162509	3.05145337269544	4.09013078674893	8.43805215084603	0.00367449624667411	0.038763461982721	ENSDARG00000070604	553299
17334	zgc:162608	4.00281700618169	4.80908644781976	11.5384637571762	0.000681709479805917	0.0140234008908172	ENSDARG00000069375	100037332
17350	zgc:162971	1.97633144133427	2.33102454932141	11.1224880904298	0.000852873008802865	0.0160252948313614	ENSDARG00000101093	100038783
17373	zgc:165653	4.3610379539564	3.13282838505711	12.439272248312	0.000420399561608446	0.0100912869196321	ENSDARG00000104713	100006671
17386	zgc:171500	4.92369371276383	2.7159790580179	8.29509247969136	0.00397523558727343	0.0404422856650047	ENSDARG00000071553	100006475
17411	zgc:172051	3.30344713382256	4.8120706574344	7.76944734141078	0.00531373041955863	0.0477914180700092	ENSDARG00000086569	100007431
17418	zgc:172120	2.23228746881854	2.02867472478995	9.56686444554283	0.00198120882696244	0.026768832900663	ENSDARG00000069199	799440
17460	zgc:174259	4.02923882228064	2.2042013835385	11.0778758265278	0.000873638214533578	0.0162814394526712	ENSDARG00000091136	791587
17493	zgc:174972	1.89186236052173	1.95869131272815	9.09396215930208	0.00256454693746483	0.0313064302735696	ENSDARG00000087933	794481
17520	zgc:194242	3.22963394764068	1.93338886085555	8.44523490866475	0.00366001158079081	0.0387396478002398	ENSDARG00000079532	100005854
17570	zgc:64065	3.81909668439528	3.60728693137377	10.7947816552426	0.00101786618011342	0.0179383827295681	ENSDARG00000098099	393379
17594	zgc:77439	2.30503091724321	5.30263018486129	17.0150123744076	3.70854391207451e-05	0.00204773624371049	ENSDARG00000039211	378987
17623	zgc:92429	1.78804329165052	4.57800343674364	10.4988788684451	0.0011944699797356	0.0196525572772919	ENSDARG00000030176	445063
17660	znf1003	1.77304787629943	2.3813540586744	9.18663340434392	0.00243788877218074	0.0303206040807834	ENSDARG00000092605	793476
17665	znf1035	1.50983078793406	7.08580101589181	8.80181611732115	0.0030093083776132	0.0344707867146637	ENSDARG00000042969	504111
17713	ZNF366	3.54723567405266	2.75634259906079	12.2241159089313	0.000471757429748757	0.0109270048825572	ENSDARG00000040116	569695
17751	ZNF648	2.88382366244409	1.75804133600815	10.023869248461	0.00154524511403467	0.0230816135752163	ENSDARG00000104823	101886793
17772	znf831	2.09307115310084	1.67959352785691	8.74328020929854	0.00310745029851501	0.0351435485567629	ENSDARG00000074906	100189616
17783	ZNFX1	4.24529314960556	3.35515052910814	14.3263232433792	0.000153700557354487	0.00520089315673876	ENSDARG00000100280	100536767
17789	znrf2a	1.97923641813894	2.26897185362915	12.745882418414	0.000356793770040737	0.00903894444414282	ENSDARG00000077855	100124611
17813	zpcx	2.84560664260583	2.35925561069955	10.2589679168347	0.00136021755237149	0.0214685664128721	ENSDARG00000059252	334011
